1 38 0
2 4 0
3 23 10
4 21 20
5 20 0
6 15 0
7 1578 550
8 1 0
9 3 0
10 2 0
11 300000 120
12 3 0
13 15 0
14 300000 180
15 131 0
16 3 0
17 23 40
18 19 0
19 77 10
20 300000 170
21 72 320800
22 27 0
23 25 0
24 204 680
25 28 0
26 36 30
27 25 0
28 15 0
29 867 300000
30 16 0
31 86 470
32 30 0
33 10 0
34 18 0
35 13 0
36 24 0
37 16 0
38 17 0
39 8 0
40 32 0
41 35 20
42 2 0
43 48 330
44 300000 60
45 1344 1660
46 15 0
47 797 300000
48 300000 100
49 13 0
50 7 0
51 3 0
52 39 780
53 1152 300000
54 48 630
55 32 10
56 165314 2650
57 6 0
58 300000 300000
59 27 20
60 20 0
61 3 0
62 11 0
63 20 0
64 18 0
65 18 0
66 8 70
67 12 0
68 24 0
69 20 0
70 29 70
71 21 0
72 687 300000
73 9 0
74 12 30
75 6 50
76 10 0
77 24 0
78 10 0
79 7 10
80 13 10
81 17 20
82 677 3250
83 240 1420
84 16 0
85 20 0
86 68 1250
87 28 0
88 15 0
89 35 0
90 300000 300000
91 16 0
92 465 2230
93 2 0
94 16 0
95 3 0
96 11 10
97 1547 300000
98 20 10
99 48 0
100 33 20
101 11 0
102 921 300000
103 11 0
104 330 550
105 24 10
106 16972 11700
107 22 0
108 13 0
109 14 0
110 16 0
111 19 0
112 4 0
113 69 400
114 12 0
115 2 0
116 34 20
117 17 0
118 26 0
119 11 0
120 15 0
121 2 0
122 22 0
123 14 0
124 34 0
125 12 0
126 11 0
127 886 300000
128 2 0
129 300000 290
130 15 0
131 33 40
132 34 0
133 30 0
134 6 10
135 7 0
136 25 0
137 11 0
138 300000 50
139 122 0
140 10 0
141 215 570
142 112 540
143 16 0
144 300000 230
145 19539 720
146 1455 7940
147 9 0
148 17 0
149 3 0
150 771 300000
151 25 0
152 2792 14830
153 24 0
154 6 20
155 21 0
156 22 0
157 20 0
158 735 300000
159 25 20
160 22 200
161 300000 40
162 24 50
163 80 190
164 61 230
165 22 10
166 11 0
167 16 0
168 19 0
169 12 0
170 29 160
171 4 0
172 18 0
173 17 0
174 11 20
175 22 0
176 14 0
177 15 0
178 761 300000
179 14 0
180 300000 20
181 300000 10
182 26 0
183 23 0
184 1103 300000
185 49 10
186 11 0
187 25 0
188 300000 130
189 10 10
190 15 0
191 20 0
192 4 0
193 11 0
194 29 0
195 13 0
196 1323 300000
197 28 50
198 26 150
199 300000 570
200 21 10
201 10 0
202 65 0
203 12 0
204 19 0
205 126 1100
206 16 210
207 551 374780
208 20 0
209 20 0
210 22 0
211 300000 1090
212 13 0
213 13 0
214 20 10
215 38 10
216 8 0
217 46 0
218 19 0
219 695 2530
220 300000 360
221 14 0
222 12 0
223 71 300000
224 16 0
225 31 0
226 7 10
227 18 0
228 9 0
229 13 0
230 300000 1710
231 645 300000
232 30 140
233 17 0
234 13 0
235 17 0
236 9 0
237 1023 710
238 103129 20
239 26 230
240 300000 20
241 8 0
242 2 0
243 18 0
244 21 0
245 18 0
246 11 0
247 300000 130
248 16 0
249 1028 300000
250 300000 480
251 23 0
252 17 0
253 20 0
254 20 0
255 24 0
256 23 60
257 35 0
258 747 300000
259 346 1310
260 21 0
261 20 10
262 300000 300000
263 2 0
264 115 300
265 18 10
266 13 0
267 71 120
268 9 0
269 24 0
270 20 0
271 13 0
272 47 0
273 6 0
274 36 0
275 22 0
276 18 70
277 40 10
278 22 0
279 33 0
280 45 130
281 15 0
282 27 0
283 21 0
284 14 0
285 9 0
286 850 300000
287 9 0
288 300000 180
289 12 0
290 15 0
291 9 0
292 20 10
293 16 0
294 12 0
295 13 10
296 13 0
297 9 0
298 11 10
299 14 0
300 20 10
301 19 0
302 134 10
303 16 20
304 9 0
305 81 260
306 20 10
307 29 50
308 23 20
309 22 10
310 26 0
311 11 10
312 15 0
313 6 0
314 19 10
315 23 0
316 16 0
317 10 0
318 14 0
319 27 0
320 16 0
321 7 0
322 14 20
323 14 0
324 48 10
325 35 0
326 15 0
327 10 10
328 14 0
329 28 0
330 24 20
331 13 0
332 32 10
333 300000 1330
334 16 0
335 19 20
336 11 0
337 13 0
338 13 0
339 300000 150
340 3484 14780
341 22 10
342 27 0
343 17 0
344 228 560
345 4 0
346 14 0
347 379 2890
348 24 20
349 14 0
350 16 0
351 100 410
352 18 0
353 21 0
354 15 0
355 12 10
356 10 0
357 9 10
358 22 0
359 73 390
360 20 130
361 16 10
362 212 560
363 26 0
364 16 0
365 300000 30
366 19 20
367 23 0
368 17 0
369 2411 12070
370 523 370
371 127 300
372 25 0
373 15 0
374 469 1760
375 9 0
376 13 0
377 51 0
378 3 0
379 744 300000
380 14 0
381 7 0
382 57 3560
383 30 20
384 20 0
385 16 0
386 14 0
387 123 3730
388 4 0
389 27 100
390 10 0
391 17 0
392 8 10
393 863 300000
394 18 10
395 300000 70
396 11 0
397 234 4610
398 937 5230
399 30 10
400 2673 4010
401 10 0
402 47 10
403 24 0
404 22 30
405 11 10
406 24 0
407 5 0
408 17 20
409 300000 50
410 935 300000
411 12 20
412 22 0
413 3 0
414 17 0
415 77 670
416 163 70
417 333 95950
418 13 0
419 105 130
420 12 0
421 300000 70
422 19 0
423 18 0
424 57 420
425 3 20
426 39 210
427 20 0
428 11 0
429 25 0
430 19 30
431 300000 460
432 774 300000
433 25 110
434 2 0
435 18 0
436 26 0
437 24 10
438 29 0
439 21 10
440 65 0
441 24 10
442 17 0
443 33 0
444 197 1410
445 14 0
446 151 1380
447 5 0
448 1093 300000
449 12 0
450 25 20
451 671 300000
452 15 0
453 300000 10
454 2337 11670
455 201 40
456 3 0
457 16 0
458 17 0
459 22 0
460 32 30
461 11 0
462 13 10
463 9 0
464 3 0
465 49 340
466 300000 300000
467 8 0
468 17 0
469 4 0
470 3 0
471 4 0
472 10 10
473 22 0
474 14 0
475 25 0
476 396 110
477 34 270
478 35 0
479 300000 100
480 12 0
481 10 0
482 34 10
483 2619 300000
484 31 0
485 1365 5870
486 26 0
487 12 0
488 184 4470
489 300000 260
490 25 0
491 26 0
492 5 0
493 13 60
494 13 0
495 139 30
496 300000 420
497 1028 300000
498 46 620
499 3 0
500 9 0
501 4 0
502 23 60
503 14 20
504 2 10
505 187 2090
506 300000 7860
507 715 0
508 9 0
509 16 20
510 12 0
511 300000 480
512 934 300000
513 13 0
514 28 0
515 22 0
516 19 10
517 16 0
518 28 60
519 236714 300000
520 125 0
521 10 0
522 17 0
523 27 40
524 18 0
525 18 20
526 31 10
527 20 0
528 14 0
529 160 510
530 1102 300000
531 17 0
532 13 0
533 9 0
534 23 10
535 24 0
536 136 0
537 22 10
538 21 0
539 900 300000
540 162 870
541 339 0
542 1424 18750
543 20 0
544 52 100
545 104 0
546 9 0
547 27 0
548 40 810
549 673 300000
550 28 0
551 19 0
552 3 0
553 65 60
554 590 0
555 741 300000
556 4 0
557 15 0
558 15 10
559 986 300000
560 12 0
561 16 0
562 9 0
563 13 0
564 115 2380
565 20 0
566 13 0
567 9 0
568 47 0
569 3 0
570 14 0
571 26 0
572 911 300000
573 31 10
574 300000 90
575 809 300000
576 272 40
577 21 10
578 300000 300000
579 514 0
580 517 0
581 12 0
582 191 1230
583 19 0
584 9 0
585 368 410
586 15 0
587 48 40
588 18 0
589 11 0
590 22 0
591 41 320
592 12 0
593 6 10
594 16 0
595 52 240
596 18 10
597 20 0
598 11 0
599 18 30
600 2 0
601 2 10
602 84 560
603 97 0
604 491 5350
605 22 0
606 7 0
607 8 0
608 73277 0
609 7 0
610 697 300000
611 27 10
612 14 0
613 28 0
614 300000 550
615 36 0
616 1894 270
617 18 0
618 10 0
619 33 0
620 22 0
621 34 40
622 17 0
623 12 10
624 76 80
625 814 300000
626 30 0
627 10 10
628 7 0
629 42 10
630 53 930
631 12 0
632 117 0
633 863 300000
634 15 0
635 29 0
636 34 0
637 11 0
638 32 0
639 486 1250
640 300000 30
641 11 0
642 14 0
643 3 0
644 15 0
645 20 20
646 40 350
647 19 0
648 20 0
649 5 0
650 146 990
651 14 10
652 300000 3440
653 5 0
654 19 0
655 11 0
656 14 0
657 19 0
658 32 140
659 12 0
660 13 0
661 18 160
662 10 0
663 3 0
664 38 410
665 7 0
666 37 0
667 20 120
668 300000 300000
669 300000 10
670 10 0
671 735 300000
672 9 10
673 15 0
674 3 0
675 36 10
676 15 0
677 24 20
678 19 0
679 56 110
680 12 0
681 15 0
682 12 0
683 7 0
684 28 40
685 33 0
686 22 0
687 5318 13190
688 5 0
689 6436 36300
690 9 0
691 13 0
692 21 0
693 168 340
694 9883 19760
695 18 10
696 8 20
697 13 20
698 13 0
699 767 300000
700 17 0
701 3 0
702 16 0
703 6 0
704 215 240
705 30 40
706 11 0
707 9 0
708 20 0
709 11 0
710 12 0
711 13 0
712 15 20
713 264 2050
714 10 0
715 70 0
716 17 390
717 9 0
718 11 0
719 14 10
720 1 0
721 25 0
722 2 0
723 47 0
724 30 0
725 13 0
726 13 0
727 10 0
728 11 0
729 1176 300000
730 46 0
731 16 10
732 13 0
733 15 0
734 14 0
735 16 10
736 19 0
737 10 0
738 12 0
739 15 0
740 3 0
741 300000 540
742 300000 2150
743 300000 150
744 1110 300000
745 31 10
746 21 0
747 9 0
748 11 0
749 19 0
750 514 1870
751 22 160
752 3 0
753 1 0
754 3699 490
755 170 270
756 15 0
757 2 0
758 1102 300000
759 6 0
760 72 800
761 679 300000
762 10 0
763 25 0
764 10 0
765 2 0
766 846 300000
767 9 10
768 15 0
769 18 0
770 27 20
771 23 60
772 16 0
773 8 0
774 20 0
775 5338 32320
776 15 0
777 12 0
778 117 0
779 14 0
780 19 0
781 13 0
782 17 0
783 79 20
784 15 0
785 23 0
786 18 0
787 31 0
788 300000 4300
789 20 0
790 300000 290
791 791 300000
792 395 2800
793 15 0
794 3 30
795 23 10
796 20 0
797 37 0
798 11 0
799 47 570
800 22 0
801 42577 20
802 4431 34830
803 28 0
804 300000 450
805 31 0
806 6 0
807 12 10
808 59 470
809 32 0
810 22 40
811 1617 300000
812 8 0
813 55 70
814 15 0
815 16 0
816 15 0
817 21 0
818 1623 300000
819 20 0
820 18 0
821 3 0
822 20971 300000
823 5 0
824 29 40
825 5424 28570
826 10 0
827 14 0
828 238823 0
829 22 0
830 11 0
831 1284 300000
832 5 0
833 18 10
834 20 0
835 80 1120
836 18 20
837 14 0
838 347 280
839 19 0
840 794 0
841 2 0
842 18 10
843 164 320
844 781 0
845 31 0
846 8 0
847 5 0
848 1240 300000
849 102 210
850 20 0
851 1 0
852 13 0
853 59 10
854 43 0
855 22 0
856 300000 480
857 1 0
858 8 0
859 2973 1920
860 13 10
861 51 10
862 51 0
863 66 350
864 19 0
865 20 0
866 945 300000
867 300000 300000
868 17 0
869 14 0
870 29 0
871 52 0
872 26 0
873 42 480
874 6 0
875 2 0
876 15 0
877 20 0
878 45 20
879 128 750
880 23 0
881 4 0
882 2 0
883 301 0
884 23 0
885 43 0
886 25 10
887 30 0
888 118 310
889 12 10
890 45 0
891 19 0
892 30 0
893 887 300000
894 67 430
895 19 0
896 30 150
897 13 0
898 1823 6520
899 16 0
900 828 300000
901 25 290
902 3 0
903 15 0
904 26 10
905 7 0
906 29 0
907 28 0
908 12 0
909 27 0
910 5 0
911 574 1730
912 300000 480
913 2 0
914 4 0
915 871 300000
916 8 0
917 300000 30
918 246 1460
919 31 0
920 48 620
921 463 620
922 21 0
923 3 0
924 300000 350
925 24 40
926 2 0
927 2468 10
928 2 10
929 13 0
930 3 0
931 19 10
932 10 0
933 13 0
934 451 1410
935 1001 300000
936 1573 300000
937 9 0
938 16 10
939 37 40
940 300000 40
941 300000 300000
942 24 0
943 16 10
944 10 0
945 13 0
946 153 40
947 118 410
948 13 0
949 23 0
950 24 0
951 21 0
952 17 10
953 15 20
954 33 190
955 16 10
956 300000 90
957 26 60
958 23 0
959 300000 1450
960 6 0
961 15 0
962 300000 11850
963 10 0
964 343 310
965 4 0
966 300000 470
967 15 0
968 50 0
969 2 0
970 263 60
971 12 0
972 11 0
973 75 380
974 1 0
975 2638 4050
976 15 0
977 28 0
978 2650 4220
979 949 300000
980 36 50
981 24 0
982 21 10
983 2689 300000
984 17 0
985 12 0
986 17 0
987 22 0
988 25 20
989 584 2530
990 9 0
991 23 20
992 79 180
993 342 20
994 3771 10220
995 38 180
996 23 0
997 300000 280
998 12 0
999 15 0
1000 6 0
1001 16 0
1002 300000 80
1003 12 0
1004 300000 10
1005 14 0
1006 11 0
1007 17 0
1008 203 13630
1009 13 0
1010 1888 300000
1011 28 0
1012 28 0
1013 1027 300000
1014 17 0
1015 18 0
1016 1535 300000
1017 17 0
1018 1484 0
1019 10 0
1020 4499 203570
1021 16 0
1022 33 0
1023 300000 1450
1024 39 0
1025 214 0
1026 193 0
1027 32 0
1028 33 20
1029 300000 5500
1030 8 0
1031 19 0
1032 24 10
1033 21 20
1034 18 0
1035 18 0
1036 12 10
1037 12 0
1038 18 0
1039 46 0
1040 23 20
1041 23 20
1042 67 140
1043 40 30
1044 8 0
1045 9 0
1046 18 0
1047 91 120
1048 15 0
1049 8 0
1050 1412 0
1051 815 300000
1052 12 0
1053 2844 0
1054 176 820
1055 7 0
1056 26 20
1057 24 0
1058 5 0
1059 315 1340
1060 23 0
1061 21 210
1062 29 40
1063 12 0
1064 20 0
1065 11 0
1066 794 3460
1067 20 20
1068 372 2100
1069 20 0
1070 21 0
1071 31 340
1072 33 40
1073 13 0
1074 21 0
1075 126 120
1076 12 20
1077 6 0
1078 9 0
1079 8 0
1080 300000 1840
1081 12 0
1082 20 0
1083 16 0
1084 22 10
1085 19 0
1086 8 0
1087 18 0
1088 10 0
1089 10 10
1090 8 0
1091 14 0
1092 5 0
1093 16 0
1094 4752 2210
1095 13 0
1096 10 10
1097 22 0
1098 15 0
1099 34 0
1100 60 10
1101 44 50
1102 71870 0
1103 3 10
1104 16 20
1105 11 0
1106 5 10
1107 16 0
1108 300000 1330
1109 18 0
1110 38 120
1111 300000 100
1112 11 30
1113 7 0
1114 14 0
1115 2 0
1116 1296 300000
1117 3 0
1118 19 10
1119 3 60
1120 18 60
1121 37 3410
1122 79 0
1123 139 670
1124 7 30
1125 300000 290
1126 18 0
1127 12 0
1128 11 0
1129 16 0
1130 55 870
1131 15 10
1132 300000 200
1133 21 40
1134 3391 16940
1135 29 0
1136 133 340
1137 9 0
1138 28 440
1139 796 300000
1140 15 0
1141 18 0
1142 18 0
1143 43 250
1144 8 0
1145 16 0
1146 23 30
1147 12 0
1148 929 300000
1149 9 0
1150 8 0
1151 6 0
1152 300000 100
1153 22 0
1154 6 10
1155 37 360
1156 14 0
1157 13 0
1158 1012 300000
1159 21 0
1160 2 10
1161 22 0
1162 300000 140
1163 13 0
1164 5 0
1165 27 110
1166 16 0
1167 832 23540
1168 12 0
1169 641 300000
1170 13 20
1171 17 10
1172 24 0
1173 31 10
1174 9 20
1175 280 2220
1176 13 0
1177 7 10
1178 58 10
1179 1350 300000
1180 24 0
1181 18 0
1182 13 0
1183 22 0
1184 11 0
1185 30 770
1186 13 0
1187 14 50
1188 1743 300000
1189 14 0
1190 13 0
1191 7758 410
1192 23 20
1193 11 0
1194 20 0
1195 22 10
1196 5 0
1197 14 0
1198 15 10
1199 300000 130
1200 437 80
1201 300000 270
1202 3 0
1203 3874 22340
1204 7 0
1205 37 480
1206 15 0
1207 11 0
1208 2 0
1209 300000 210
1210 300000 50
1211 17 0
1212 41 280
1213 19 0
1214 300000 1720
1215 2722 660
1216 12 0
1217 21 50
1218 10 0
1219 9 20
1220 7 10
1221 16 0
1222 4 0
1223 8 0
1224 244 0
1225 34 0
1226 121 800
1227 7 0
1228 9 0
1229 15 0
1230 22 310
1231 9 0
1232 17 0
1233 9 0
1234 15 0
1235 17 10
1236 32 0
1237 1256 290
1238 10 0
1239 34 40
1240 35 150
1241 10 0
1242 20 10
1243 33 0
1244 29 0
1245 13 0
1246 17 0
1247 12 0
1248 39 70
1249 17 0
1250 24 180
1251 28 30
1252 9 0
1253 282 0
1254 281 0
1255 18 30
1256 14 10
1257 32 20
1258 20 0
1259 1039 7090
1260 300000 161220
1261 93 4370
1262 4 0
1263 12 0
1264 31 0
1265 7 0
1266 30 20
1267 300000 10
1268 27 0
1269 29 0
1270 16 0
1271 38 110
1272 12 0
1273 14 0
1274 8 0
1275 15 0
1276 34 10
1277 38 0
1278 26 0
1279 22 10
1280 7 0
1281 23 0
1282 300000 230
1283 854 300000
1284 7 0
1285 15 0
1286 25 40
1287 19 0
1288 35 40
1289 117 0
1290 19 0
1291 71 250
1292 24 470
