1 0 0 0 0
2 0 0 0 0
3 20 10 0 0
4 20 10 0 0
5 20 10 0 0
6 20 10 0 0
7 20 10 0 0
8 30 20 0 0
9 30 20 0 0
10 1650 700 0 0
11 1650 700 0 0
12 1670 730 0 0
13 1670 730 0 0
14 1670 730 0 0
15 1670 730 0 0
16 1670 730 0 0
17 1670 730 0 0
18 1670 730 0 0
19 1670 730 0 0
20 1670 730 0 0
21 1670 730 0 0
22 1670 730 0 0
23 1680 740 0 0
24 1680 740 0 0
25 1700 740 0 0
26 1700 740 0 0
27 1700 740 0 0
28 1700 740 0 0
29 1700 740 0 0
30 1700 740 0 0
31 1750 770 0 0
32 1750 770 0 0
33 1750 770 0 0
34 1750 780 0 0
35 1750 780 0 0
36 1750 780 0 0
37 1750 780 0 0
38 1750 780 0 0
39 1750 780 0 0
40 1750 780 0 0
41 1760 790 0 0
42 1760 790 0 0
43 1770 810 0 0
44 1770 820 0 0
45 1770 820 0 0
46 1770 820 0 0
47 1770 820 0 0
48 1770 820 0 0
49 1770 820 0 0
50 1770 820 0 0
51 1790 840 0 0
52 1790 840 0 0
53 1790 840 0 0
54 1790 840 0 0
55 1790 840 0 0
56 1790 840 0 0
57 1790 850 0 0
58 1790 850 0 0
59 1790 850 0 0
60 1790 850 0 0
61 1790 850 0 0
62 1790 850 0 0
63 1790 850 0 0
64 1790 850 0 0
65 1790 850 0 0
66 1790 850 0 0
67 1790 850 0 0
68 1800 870 0 0
69 2360 1060 0 0
70 2360 1070 0 0
71 2360 1070 0 0
72 2360 1070 0 0
73 2360 1070 0 0
74 2360 1070 0 0
75 2360 1070 0 0
76 2360 1070 0 0
77 2360 1070 0 0
78 2360 1070 0 0
79 2360 1070 0 0
80 2370 1070 0 0
81 2370 1070 0 0
82 2370 1070 0 0
83 2370 1070 0 0
84 2370 1070 0 0
85 2380 1080 0 0
86 2380 1080 0 0
87 2380 1080 0 0
88 2380 1080 0 0
89 2380 1080 0 0
90 2380 1080 0 0
91 2380 1080 0 0
92 2390 1090 0 0
93 2390 1090 0 0
94 2390 1090 0 0
95 2390 1090 0 0
96 2390 1090 0 0
97 2390 1100 0 0
98 2390 1100 0 0
99 2390 1100 0 0
100 2390 1100 0 0
101 2390 1100 0 0
102 2390 1100 0 0
103 2390 1100 0 0
104 2390 1100 0 0
105 2390 1100 0 0
106 2390 1100 0 0
107 2390 1100 0 0
108 2390 1100 0 0
109 2390 1100 0 0
110 2390 1100 0 0
111 2490 1160 0 0
112 2490 1160 0 0
113 5020 2470 0 0
114 5020 2470 0 0
115 5030 2480 0 0
116 5030 2480 0 0
117 5030 2480 0 0
118 5030 2480 0 0
119 5030 2480 0 0
120 5030 2480 0 0
121 5030 2480 0 0
122 5040 2480 0 0
123 5040 2480 0 0
124 5040 2480 0 0
125 5040 2480 0 0
126 5040 2480 0 0
127 5050 2490 0 0
128 5050 2500 0 0
129 5050 2500 0 0
130 5050 2500 0 0
131 5050 2510 0 0
132 5060 2520 0 0
133 5060 2520 0 0
134 5070 2530 0 0
135 5080 2540 0 0
136 5080 2540 0 0
137 5080 2540 0 0
138 5100 2550 0 0
139 5100 2550 0 0
140 5100 2550 0 0
141 5100 2550 0 0
142 5100 2550 0 0
143 5120 2570 0 0
144 5120 2570 0 0
145 5130 2580 0 0
146 5130 2580 0 0
147 5130 2580 0 0
148 5130 2580 0 0
149 5130 2580 0 0
150 5130 2590 0 0
151 5130 2590 0 0
152 5130 2590 0 0
153 5130 2590 0 0
154 5130 2590 0 0
155 5130 2590 0 0
156 6520 3150 0 0
157 6520 3150 0 0
158 6530 3170 0 0
159 6530 3170 0 0
160 6530 3170 0 0
161 6530 3170 0 0
162 6530 3170 0 0
163 6530 3180 0 0
164 6540 3190 0 0
165 6540 3190 0 0
166 6540 3190 0 0
167 6540 3190 0 0
168 10250 4950 0 0
169 10250 4950 0 0
170 10250 4950 0 0
171 10250 4950 0 0
172 10270 4970 0 0
173 10270 4970 0 0
174 10270 4970 0 0
175 10270 4970 0 0
176 10270 4980 0 0
177 10270 4990 0 0
178 10270 4990 0 0
179 10310 5020 0 0
180 10320 5030 0 0
181 10330 5030 0 0
182 10330 5030 0 0
183 10330 5030 0 0
184 10330 5030 0 0
185 10330 5030 0 0
186 10330 5030 0 0
187 10330 5030 0 0
188 10330 5030 0 0
189 10330 5030 0 0
190 10330 5030 0 0
191 10330 5030 0 0
192 10330 5040 0 0
193 10330 5040 0 0
194 10330 5050 0 0
195 10330 5050 0 0
196 10340 5060 0 0
197 10340 5060 0 0
198 10340 5060 0 0
199 10340 5060 0 0
200 10340 5060 0 0
201 10340 5060 0 0
202 10340 5060 0 0
203 10340 5060 0 0
204 10340 5060 0 0
205 10340 5060 0 0
206 10340 5060 0 0
207 10340 5060 0 0
208 10340 5060 0 0
209 10340 5060 0 0
210 10340 5060 0 0
211 10340 5060 0 0
212 10340 5060 0 0
213 10340 5070 0 0
214 10340 5070 0 0
215 10340 5070 0 0
216 10350 5070 0 0
217 10360 5080 0 0
218 10360 5080 0 0
219 10360 5080 0 0
220 10360 5080 0 0
221 10360 5080 0 0
222 10370 5080 0 0
223 10370 5080 0 0
224 10380 5100 0 0
225 10380 5100 0 0
226 10380 5100 0 0
227 10390 5110 0 0
228 10460 5170 0 0
229 10460 5170 0 0
230 10460 5170 0 0
231 10460 5170 0 0
232 10480 5190 0 0
233 10490 5200 0 0
234 10490 5200 0 0
235 10490 5200 0 0
236 11380 5710 0 0
237 11380 5710 0 0
238 11390 5710 0 0
239 11400 5720 0 0
240 11400 5720 0 0
241 11410 5730 0 0
242 11410 5730 0 0
243 11410 5730 0 0
244 11410 5730 0 0
245 11410 5730 0 0
246 11410 5730 0 0
247 11410 5730 0 0
248 11410 5730 0 0
249 11410 5730 0 0
250 11410 5730 0 0
251 11410 5730 0 0
252 11410 5730 0 0
253 11410 5730 0 0
254 11420 5730 0 0
255 11420 5730 0 0
256 11420 5730 0 0
257 11420 5730 0 0
258 11420 5740 0 0
259 11420 5740 0 0
260 11420 5740 0 0
261 11420 5740 0 0
262 11420 5740 0 0
263 11420 5740 0 0
264 11420 5740 0 0
265 11420 5740 0 0
266 11420 5750 0 0
267 11420 5750 0 0
268 11420 5750 0 0
269 11420 5750 0 0
270 11420 5760 0 0
271 11420 5760 0 0
272 11420 5760 0 0
273 11420 5760 0 0
274 11420 5760 0 0
275 11420 5760 0 0
276 11430 5770 0 0
277 11430 5770 0 0
278 11440 5770 0 0
279 11440 5770 0 0
280 11440 5770 0 0
281 11440 5770 0 0
282 11440 5770 0 0
283 11450 5780 0 0
284 11690 5860 0 0
285 11690 5860 0 0
286 11700 5870 0 0
287 11700 5870 0 0
288 11700 5870 0 0
289 11700 5870 0 0
290 11700 5870 0 0
291 11700 5870 0 0
292 11700 5870 0 0
293 11700 5870 0 0
294 11700 5870 0 0
295 11700 5870 0 0
296 11700 5870 0 0
297 11700 5870 0 0
298 11700 5870 0 0
299 11700 5870 0 0
300 11700 5870 0 0
301 11700 5870 0 0
302 11700 5870 0 0
303 11700 5870 0 0
304 11700 5870 0 0
305 11700 5870 0 0
306 11730 5870 0 0
307 11730 5870 0 0
308 11740 5880 0 0
309 11740 5880 0 0
310 11740 5880 0 0
311 11740 5890 0 0
312 11740 5890 0 0
313 11750 5910 0 0
314 11760 5910 0 0
315 11930 6020 0 0
316 11930 6020 0 0
317 11930 6020 0 0
318 11930 6020 0 0
319 11950 6020 0 0
320 11960 6020 0 0
321 11960 6020 0 0
322 11960 6030 0 0
323 11980 6050 0 0
324 11980 6050 0 0
325 11980 6050 0 0
326 11980 6050 0 0
327 12410 6290 0 0
328 12410 6290 0 0
329 12410 6290 0 0
330 12410 6290 0 0
331 12410 6290 0 0
332 12410 6290 0 0
333 12420 6310 0 0
334 12420 6310 0 0
335 12420 6310 0 0
336 12430 6320 0 0
337 12430 6320 0 0
338 12430 6320 0 0
339 12430 6320 0 0
340 12430 6320 0 0
341 12430 6320 0 0
342 12430 6320 0 0
343 12430 6320 0 0
344 12430 6320 0 0
345 12440 6330 0 0
346 12440 6330 0 0
347 12440 6330 0 0
348 12440 6330 0 0
349 12440 6330 0 0
350 12440 6330 0 0
351 12440 6330 0 0
352 13080 6600 0 0
353 13080 6600 0 0
354 13080 6600 0 0
355 13080 6600 0 0
356 13090 6600 0 0
357 13090 6600 0 0
358 13090 6600 0 0
359 13090 6600 0 0
360 13090 6600 0 0
361 13090 6600 0 0
362 13090 6600 0 0
363 13090 6600 0 0
364 13090 6600 0 0
365 13090 6600 0 0
366 13090 6600 0 0
367 13090 6600 0 0
368 13100 6600 0 0
369 13100 6600 0 0
370 13110 6610 0 0
371 13120 6610 0 0
372 13120 6610 0 0
373 13120 6610 0 0
374 13120 6610 0 0
375 13120 6610 0 0
376 13120 6610 0 0
377 13230 6680 0 0
378 13230 6680 0 0
379 13230 6680 0 0
380 13230 6680 0 0
381 13230 6680 0 0
382 13230 6680 0 0
383 13230 6680 0 0
384 13230 6680 0 0
385 13230 6680 0 0
386 13230 6680 0 0
387 13230 6680 0 0
388 13230 6680 0 0
389 13230 6680 0 0
390 13240 6690 0 0
391 13240 6690 0 0
392 13240 6690 0 0
393 13240 6690 0 0
394 13250 6700 0 0
395 13250 6700 0 0
396 13250 6700 0 0
397 13250 6700 0 0
398 13250 6700 0 0
399 13250 6700 0 0
400 13250 6700 0 0
401 13260 6710 0 0
402 13260 6710 0 0
403 13260 6710 0 0
404 13260 6720 0 0
405 13260 6720 0 0
406 13260 6720 0 0
407 13260 6720 0 0
408 13260 6720 0 0
409 13260 6720 0 0
410 13260 6720 0 0
411 13260 6720 0 0
412 13260 6720 0 0
413 13260 6720 0 0
414 13260 6720 0 0
415 13260 6720 0 0
416 13260 6720 0 0
417 13270 6730 0 0
418 13270 6730 0 0
419 13270 6730 0 0
420 13270 6730 0 0
421 13270 6730 0 0
422 13270 6730 0 0
423 13280 6740 0 0
424 13280 6740 0 0
425 13290 6740 0 0
426 13290 6740 0 0
427 13290 6740 0 0
428 13290 6740 0 0
429 13290 6740 0 0
430 13290 6740 0 0
431 13290 6740 0 0
432 13290 6740 0 0
433 13290 6740 0 0
434 13290 6740 0 0
435 13290 6740 0 0
436 17820 8150 0 0
437 17820 8150 0 0
438 17830 8160 0 0
439 17830 8160 0 0
440 17830 8160 0 0
441 18490 8570 0 0
442 18490 8570 0 0
443 18490 8570 0 0
444 18490 8570 0 0
445 18490 8580 0 0
446 18540 8600 0 0
447 18540 8600 0 0
448 18540 8600 0 0
449 18540 8600 0 0
450 18540 8600 0 0
451 18540 8600 0 0
452 18540 8600 0 0
453 18540 8600 0 0
454 18540 8600 0 0
455 18540 8600 0 0
456 18540 8600 0 0
457 18540 8610 0 0
458 18540 8610 0 0
459 18540 8610 0 0
460 18540 8610 0 0
461 18540 8610 0 0
462 18560 8630 0 0
463 18560 8630 0 0
464 18960 8810 0 0
465 18970 8830 0 0
466 18970 8830 0 0
467 18970 8830 0 0
468 18970 8830 0 0
469 18970 8830 0 0
470 18970 8830 0 0
471 18970 8830 0 0
472 18970 8830 0 0
473 18970 8830 0 0
474 18970 8830 0 0
475 18970 8830 0 0
476 18970 8830 0 0
477 18970 8830 0 0
478 18970 8830 0 0
479 18990 8850 0 0
480 18990 8850 0 0
481 18990 8850 0 0
482 18990 8850 0 0
483 18990 8850 0 0
484 18990 8850 0 0
485 19210 8990 0 0
486 19210 8990 0 0
487 19210 8990 0 0
488 19210 8990 0 0
489 19210 8990 0 0
490 19210 8990 0 0
491 19210 8990 0 0
492 19210 8990 0 0
493 19210 8990 0 0
494 19210 8990 0 0
495 19210 8990 0 0
496 19230 9010 0 0
497 19230 9010 0 0
498 19230 9010 0 0
499 19230 9010 0 0
500 19230 9010 0 0
501 19230 9010 0 0
502 19230 9010 0 0
503 19230 9010 0 0
504 19230 9010 0 0
505 19230 9020 0 0
506 19230 9020 0 0
507 19240 9030 0 0
508 19240 9030 0 0
509 19240 9030 0 0
510 19240 9030 0 0
511 19240 9030 0 0
512 19240 9030 0 0
513 19240 9030 0 0
514 19240 9030 0 0
515 19240 9030 0 0
516 19260 9050 0 0
517 19260 9050 0 0
518 19260 9050 0 0
519 19260 9050 0 0
520 19260 9050 0 0
521 19260 9050 0 0
522 19270 9080 0 0
523 19270 9080 0 0
524 19270 9080 0 0
525 19270 9080 0 0
526 19270 9080 0 0
527 19280 9090 0 0
528 19280 9090 0 0
529 19280 9090 0 0
530 19280 9090 0 0
531 19280 9090 0 0
532 19280 9090 0 0
533 19280 9090 0 0
534 19280 9090 0 0
535 19280 9090 0 0
536 19280 9090 0 0
537 19280 9100 0 0
538 19280 9100 0 0
539 19280 9100 0 0
540 19280 9100 0 0
541 19280 9100 0 0
542 19290 9100 0 0
543 19290 9100 0 0
544 19290 9100 0 0
545 19300 9120 0 0
546 19300 9130 0 0
547 19300 9130 0 0
548 19310 9140 0 0
549 19320 9160 0 0
550 19320 9160 0 0
551 19330 9170 0 0
552 19330 9170 0 0
553 19330 9170 0 0
554 19330 9170 0 0
555 19330 9170 0 0
556 19340 9190 0 0
557 19340 9190 0 0
558 19340 9200 0 0
559 19340 9200 0 0
560 19350 9210 0 0
561 19350 9210 0 0
562 19350 9210 0 0
563 19350 9210 0 0
564 19350 9210 0 0
565 19350 9210 0 0
566 19360 9220 0 0
567 19360 9220 0 0
568 19360 9220 0 0
569 19360 9220 0 0
570 19360 9220 0 0
571 19360 9220 0 0
572 19360 9220 0 0
573 19360 9220 0 0
574 19360 9220 0 0
575 19360 9230 0 0
576 19360 9230 0 0
577 19360 9230 0 0
578 19360 9230 0 0
579 19360 9230 0 0
580 19360 9230 0 0
581 19360 9230 0 0
582 19410 9260 0 0
583 19420 9270 0 0
584 19430 9290 0 0
585 19430 9290 0 0
586 19430 9290 0 0
587 19430 9290 0 0
588 19430 9290 0 0
589 19430 9290 0 0
590 19430 9290 0 0
591 19430 9290 0 0
592 19430 9290 0 0
593 19450 9290 0 0
594 19450 9290 0 0
595 19460 9290 0 0
596 19460 9290 0 0
597 19460 9290 0 0
598 19460 9290 0 0
599 19480 9310 10 10
600 19500 9320 20 20
601 19510 9340 30 30
602 23880 12590 40 40
603 26230 14010 50 50
604 31320 16240 60 60
605 31340 16260 70 70
606 37910 18790 80 80
607 37930 18810 90 90
608 37950 18830 100 100
609 37980 18850 110 110
610 38010 18880 120 120
611 38020 18900 130 130
612 38030 18920 140 140
613 38040 18940 150 150
614 38070 18980 160 160
615 38080 18990 170 170
616 38100 19000 180 180
617 38110 19020 190 190
618 38130 19040 200 200
619 38150 19060 210 210
620 38160 19070 220 220
621 51520 23120 230 230
622 51540 23140 240 240
623 51560 23160 250 250
624 51570 23180 260 260
625 59370 26640 270 270
626 59390 26660 280 280
627 59400 26680 290 290
628 59430 26710 300 300
629 59450 26730 310 310
630 59480 26770 330 330
631 59510 26810 350 350
632 83590 34750 370 370
633 83620 34780 390 390
634 95210 40650 410 410
635 95240 40690 430 430
636 95280 40730 450 450
637 95320 40760 470 470
638 95360 40800 490 490
639 95390 40840 510 510
640 95430 40880 530 530
641 95470 40920 550 550
642 107370 47440 570 570
643 107410 47480 590 590
644 107440 47520 610 610
645 124380 57740 630 630
646 124410 57770 650 650
647 124450 57810 670 670
648 124480 57850 690 690
649 124510 57880 710 710
650 124550 57910 730 730
651 137080 65000 750 750
652 137120 65040 770 770
653 155920 76710 800 800
654 155960 76750 830 830
655 155990 76790 860 860
656 184600 88860 900 900
657 205630 102050 940 940
658 257850 118990 980 980
659 303420 133820 1030 1030
660 379900 156160 1080 1080
661 437280 175920 1140 1140
662 503800 210750 1200 1200
663 598690 239320 1260 1260
664 728490 271640 1350 1350
665 800630 307940 1450 1450
