1 0 0 0 0 0
2 10 10 0 0 0
3 550 550 20 10 10
4 970 590 240 30 30
5 1040 650 240 30 30
6 1040 650 240 30 30
7 301040 300650 900 580 580
8 301040 300650 900 580 580
9 301050 300660 900 580 580
10 301050 300660 900 580 580
11 303530 300900 1310 700 700
12 303530 300910 1310 700 700
13 303530 300910 1310 700 700
14 303830 301230 1600 880 880
15 303830 301230 1600 880 880
16 303850 301250 1600 880 880
17 305260 302690 1630 920 910
18 305260 302690 1630 920 910
19 305600 302960 1640 930 920
20 605600 303280 2510 1100 1090
21 905600 603280 237820 301100 236400
22 905600 603280 237820 301100 236400
23 905640 603330 237820 301100 236400
24 975450 604530 239440 301780 237080
25 975680 604720 239440 301780 237080
26 976160 605110 239460 301810 237100
27 976170 605120 239460 301810 237100
28 976190 605120 239470 301810 237100
29 1276190 905120 539470 601810 537100
30 1276190 905120 539470 601810 537100
31 1576190 1205120 539840 602280 537470
32 1576190 1205120 539840 602280 537470
33 1576190 1205120 539840 602280 537470
34 1576260 1205170 539840 602280 537470
35 1576360 1205250 539840 602280 537470
36 1576360 1205250 539840 602280 537470
37 1576430 1205320 539840 602280 537470
38 1576440 1205340 539840 602280 537470
39 1576440 1205340 539840 602280 537470
40 1576470 1205370 539840 602280 537470
41 1576470 1205380 539840 602300 537470
42 1576470 1205380 539840 602300 537470
43 1791500 1267640 540160 602630 537790
44 1791530 1267670 540210 602690 537820
45 2091530 1475610 541720 604350 539330
46 2091530 1475620 541720 604350 539330
47 2391530 1775620 841720 904350 839330
48 2391930 1775790 841880 904450 839430
49 2391930 1775790 841880 904450 839430
50 2391930 1775790 841880 904450 839430
51 2391930 1775790 841880 904450 839430
52 2691930 1824570 842520 905230 840070
53 2991930 2124570 1142520 1205230 1140070
54 2999710 2125380 1143150 1205860 1140700
55 3000060 2125670 1143160 1205870 1140710
56 3300060 2425670 1145610 1208520 1143160
57 3300070 2425680 1145610 1208520 1143160
58 3600070 2725680 1445610 1508520 1443160
59 3600770 2726560 1445630 1508540 1443180
60 3601150 2726560 1445650 1508540 1443180
61 3601160 2726570 1445650 1508540 1443180
62 3601160 2726570 1445650 1508540 1443180
63 3601160 2726570 1445650 1508540 1443180
64 3601180 2726570 1445660 1508540 1443180
65 3601180 2726580 1445660 1508540 1443180
66 3601280 2726620 1445730 1508610 1443220
67 3601300 2726640 1445730 1508610 1443220
68 3601620 2726640 1445740 1508610 1443220
69 3601680 2726690 1445740 1508610 1443220
70 3601810 2726740 1445820 1508680 1443270
71 3601810 2726740 1445820 1508680 1443270
72 3901810 3026740 1745820 1808680 1743270
73 3901820 3026750 1745820 1808680 1743270
74 3901930 3026780 1745870 1808710 1743300
75 3901950 3026840 1745890 1808760 1743320
76 3901970 3026840 1745900 1808760 1743320
77 3901970 3026840 1745900 1808760 1743320
78 3901970 3026840 1745900 1808760 1743320
79 3902650 3027420 1745920 1808770 1743330
80 3902840 3027600 1745920 1808780 1743330
81 3903360 3028110 1745930 1808800 1743340
82 4137490 3031890 1750300 1812050 1746590
83 4230020 3033610 1752650 1813470 1748010
84 4230020 3033610 1752650 1813470 1748010
85 4230040 3033610 1752660 1813470 1748010
86 4255240 3034060 1756170 1814720 1748460
87 4255250 3034070 1756170 1814720 1748460
88 4255250 3034070 1756170 1814720 1748460
89 4255270 3034090 1756170 1814720 1748460
90 4555270 3334090 2056170 2114720 2048460
91 4555270 3334090 2056170 2114720 2048460
92 4693040 3335130 2061260 2116950 2049500
93 4693040 3335130 2061260 2116950 2049500
94 4693040 3335130 2061260 2116950 2049500
95 4693060 3335150 2061260 2116950 2049500
96 4693070 3335160 2061270 2116960 2049510
97 4993070 3635160 2361270 2416960 2349510
98 4993380 3635410 2361280 2416970 2349520
99 4993480 3635520 2361280 2416970 2349520
100 4993830 3635810 2361290 2416990 2349530
101 4993830 3635810 2361290 2416990 2349530
102 5293830 3935810 2661290 2716990 2649530
103 5293830 3935810 2661290 2716990 2649530
104 5318350 3936360 2662430 2717540 2650080
105 5318590 3936600 2662430 2717550 2650080
106 5618590 4236600 2674250 2729250 2661780
107 5618590 4236600 2674250 2729250 2661780
108 5618610 4236620 2674250 2729250 2661780
109 5618610 4236620 2674250 2729250 2661780
110 5618690 4236680 2674250 2729250 2661780
111 5618690 4236680 2674250 2729250 2661780
112 5618710 4236680 2674260 2729250 2661780
113 5619710 4238050 2674650 2729650 2662170
114 5619710 4238050 2674650 2729650 2662170
115 5619710 4238050 2674650 2729650 2662170
116 5620200 4238460 2674670 2729670 2662190
117 5620200 4238460 2674670 2729670 2662190
118 5620200 4238460 2674680 2729670 2662190
119 5620200 4238460 2674680 2729670 2662190
120 5620200 4238460 2674680 2729670 2662190
121 5620200 4238460 2674680 2729670 2662190
122 5620200 4238460 2674680 2729670 2662190
123 5620220 4238460 2674690 2729670 2662190
124 5620220 4238460 2674700 2729670 2662190
125 5620220 4238460 2674700 2729670 2662190
126 5620310 4238550 2674700 2729670 2662190
127 5920310 4538550 2974700 3029670 2962190
128 5920310 4538550 2974700 3029670 2962190
129 6220310 4539070 2975100 3029960 2962480
130 6220330 4539070 2975110 3029960 2962480
131 6221420 4540160 2975140 3030000 2962510
132 6221540 4540290 2975140 3030000 2962510
133 6221540 4540290 2975140 3030000 2962510
134 6221700 4540450 2975140 3030010 2962510
135 6221880 4540630 2975140 3030010 2962510
136 6222030 4540630 2975150 3030010 2962510
137 6222030 4540630 2975150 3030010 2962510
138 6222340 4540700 2975180 3030060 2962540
139 6222380 4540700 2975180 3030060 2962540
140 6222450 4540770 2975180 3030060 2962540
141 6522450 4840770 2975690 3030630 2963050
142 6524150 4842890 2976460 3031170 2963590
143 6524160 4842900 2976460 3031170 2963590
144 6525590 4843320 2977210 3031400 2963820
145 6589300 4843960 2978730 3032120 2964460
146 6889300 4850740 3002810 3040060 2971240
147 6889310 4850750 3002810 3040060 2971240
148 6889310 4850750 3002810 3040060 2971240
149 6889320 4850750 3002810 3040060 2971240
150 7189320 5150750 3302810 3340060 3271240
151 7189370 5150810 3302810 3340060 3271240
152 7489370 5160370 3348380 3354890 3280800
153 7489450 5160450 3348380 3354890 3280800
154 7489450 5160450 3348390 3354910 3280800
155 7489450 5160450 3348390 3354910 3280800
156 7489450 5160450 3348390 3354910 3280800
157 7489450 5160450 3348390 3354910 3280800
158 7789450 5460450 3648390 3654910 3580800
159 7789930 5460860 3648400 3654930 3580810
160 7797350 5527230 3648600 3655130 3581010
161 8097350 5527300 3648690 3655170 3581050
162 8098020 5527450 3648760 3655220 3581100
163 8105320 5527840 3649320 3655410 3581290
164 8134850 5527970 3649570 3655640 3581420
165 8135090 5528180 3649570 3655650 3581420
166 8135090 5528180 3649570 3655650 3581420
167 8135090 5528180 3649570 3655650 3581420
168 8135090 5528180 3649570 3655650 3581420
169 8135090 5528180 3649570 3655650 3581420
170 8138860 5528330 3650280 3655810 3581570
171 8138860 5528330 3650280 3655810 3581570
172 8138870 5528340 3650280 3655810 3581570
173 8138920 5528400 3650280 3655810 3581570
174 8139390 5528810 3650300 3655830 3581590
175 8139390 5528810 3650300 3655830 3581590
176 8139390 5528810 3650300 3655830 3581590
177 8139390 5528810 3650300 3655830 3581590
178 8439390 5828810 3950300 3955830 3881590
179 8439410 5828840 3950300 3955830 3881590
180 8739410 5828870 3950360 3955850 3881610
181 8739480 5828880 3950370 3955860 3881620
182 8739570 5828960 3950370 3955860 3881620
183 8739570 5828960 3950370 3955860 3881620
184 9039570 6128960 4250370 4255860 4181620
185 9039570 6128970 4250370 4255870 4181620
186 9039570 6128970 4250370 4255870 4181620
187 9039780 6129180 4250380 4255870 4181620
188 9339780 6129420 4250670 4256000 4181750
189 9339780 6129430 4250670 4256010 4181750
190 9339820 6129480 4250670 4256010 4181750
191 9339820 6129480 4250670 4256010 4181750
192 9339860 6129530 4250670 4256010 4181750
193 9339860 6129530 4250670 4256010 4181750
194 9339860 6129530 4250670 4256010 4181750
195 9339900 6129560 4250670 4256010 4181750
196 9639900 6429560 4550670 4556010 4481750
197 9939900 6429650 4550850 4556060 4481800
198 9940240 6429860 4551170 4556210 4481950
199 10240240 6729860 4551650 4556780 4482430
200 10240780 6730400 4551660 4556790 4482440
201 10240780 6730400 4551660 4556790 4482440
202 10240920 6730520 4551660 4556790 4482440
203 10240930 6730530 4551660 4556790 4482440
204 10240930 6730540 4551660 4556790 4482440
205 10540930 7030540 4552740 4557890 4483520
206 10541500 7030650 4553110 4558100 4483630
207 10841500 7330650 4853110 4858100 4783630
208 10841520 7330650 4853120 4858100 4783630
209 10841520 7330650 4853120 4858100 4783630
210 10841680 7330650 4853120 4858100 4783630
211 10842130 7331140 4853960 4859190 4784080
212 10842130 7331140 4853960 4859190 4784080
213 10842130 7331140 4853960 4859190 4784080
214 10842510 7331450 4853970 4859200 4784090
215 10842510 7331450 4853970 4859210 4784090
216 10842510 7331450 4853970 4859210 4784090
217 10842510 7331450 4853970 4859210 4784090
218 10842510 7331450 4853970 4859210 4784090
219 10947470 7334690 4860540 4861740 4786620
220 10951350 7335580 4861190 4862100 4786980
221 10951380 7335610 4861190 4862100 4786980
222 10951390 7335620 4861190 4862100 4786980
223 11251390 7635620 4866180 5162100 4791970
224 11251400 7635630 4866180 5162100 4791970
225 11251420 7635650 4866180 5162100 4791970
226 11251420 7635650 4866180 5162110 4791970
227 11251540 7635770 4866180 5162110 4791970
228 11251540 7635780 4866180 5162110 4791970
229 11251540 7635780 4866180 5162110 4791970
230 11551540 7935780 4868190 5163820 4793680
231 11851540 8235780 5168190 5463820 5093680
232 11857520 8235910 5168340 5463960 5093810
233 11857560 8235950 5168340 5463960 5093810
234 11857570 8235960 5168340 5463960 5093810
235 11857610 8236010 5168340 5463960 5093810
236 11857620 8236020 5168340 5463960 5093810
237 11860270 8239990 5169290 5464670 5094520
238 11865260 8248260 5169310 5464690 5094540
239 11866450 8248530 5169620 5464920 5094770
240 11869990 8248560 5169650 5464940 5094790
241 11870010 8248560 5169660 5464940 5094790
242 11870010 8248560 5169660 5464940 5094790
243 11870010 8248560 5169660 5464940 5094790
244 11870030 8248580 5169660 5464940 5094790
245 11870030 8248580 5169660 5464940 5094790
246 11870030 8248580 5169660 5464940 5094790
247 12170030 8248780 5170120 5465070 5094920
248 12170040 8248790 5170120 5465070 5094920
249 12470040 8548790 5470120 5765070 5394920
250 12470660 8549310 5470620 5765550 5395400
251 12470660 8549310 5470620 5765550 5395400
252 12470680 8549340 5470620 5765550 5395400
253 12470690 8549340 5470620 5765550 5395400
254 12470740 8549400 5470620 5765550 5395400
255 12470780 8549450 5470620 5765550 5395400
256 12472980 8549600 5470720 5765610 5395460
257 12472980 8549610 5470720 5765610 5395460
258 12772980 8849610 5770720 6065610 5695460
259 12829560 8850990 5773250 6066920 5696770
260 12829590 8851020 5773250 6066920 5696770
261 12829670 8851070 5773290 6066930 5696780
262 13129670 9151070 6073290 6366930 5996780
263 13129670 9151080 6073290 6366930 5996780
264 13142270 9151400 6074210 6367230 5997080
265 13142650 9151710 6074220 6367240 5997090
266 13142670 9151720 6074230 6367240 5997090
267 13143080 9151770 6074710 6367360 5997140
268 13143090 9151780 6074710 6367360 5997140
269 13143100 9151790 6074710 6367360 5997140
270 13143100 9151790 6074710 6367360 5997140
271 13143100 9151790 6074710 6367360 5997140
272 13143160 9151860 6074710 6367360 5997140
273 13143160 9151860 6074710 6367360 5997140
274 13143160 9151860 6074710 6367360 5997140
275 13143170 9151870 6074710 6367360 5997140
276 13143610 9152210 6074760 6367430 5997190
277 13147880 9152210 6074790 6367440 5997190
278 13147890 9152210 6074800 6367440 5997190
279 13147890 9152210 6074800 6367440 5997190
280 13164620 9152400 6374800 6367570 5997320
281 13164620 9152400 6374800 6367570 5997320
282 13164700 9152480 6374800 6367570 5997320
283 13164700 9152480 6374800 6367570 5997320
284 13164700 9152480 6374800 6367570 5997320
285 13164700 9152480 6374800 6367570 5997320
286 13464700 9452480 6674800 6667570 6297320
287 13464700 9452480 6674800 6667570 6297320
288 13465180 9452740 6674940 6667750 6297460
289 13465180 9452740 6674940 6667750 6297460
290 13465180 9452740 6674940 6667750 6297460
291 13465180 9452740 6674940 6667750 6297460
292 13465420 9452980 6674950 6667760 6297470
293 13465420 9452980 6674950 6667760 6297470
294 13465420 9452980 6674950 6667760 6297470
295 13465620 9453170 6674950 6667770 6297470
296 13465630 9453180 6674950 6667770 6297470
297 13465660 9453210 6674950 6667770 6297470
298 13465790 9453340 6674950 6667780 6297470
299 13465790 9453340 6674950 6667780 6297470
300 13466020 9453530 6674960 6667790 6297480
301 13466090 9453600 6674960 6667790 6297480
302 13466090 9453610 6674960 6667800 6297480
303 13515350 9453640 6675160 6667820 6297500
304 13515350 9453640 6675160 6667820 6297500
305 13815350 9453820 6675890 6668080 6297680
306 13815680 9454100 6675900 6668090 6297690
307 13815710 9454170 6675920 6668140 6297710
308 13816400 9455000 6675940 6668160 6297730
309 13816400 9455000 6675940 6668170 6297730
310 13816410 9455000 6675940 6668170 6297730
311 13816800 9455320 6675950 6668180 6297740
312 13816830 9455350 6675950 6668180 6297740
313 13816900 9455410 6675950 6668180 6297740
314 13817450 9455950 6675970 6668190 6297750
315 13817450 9455950 6675970 6668190 6297750
316 13817510 9456000 6675970 6668190 6297750
317 13817530 9456000 6675980 6668190 6297750
318 13817540 9456010 6675980 6668190 6297750
319 13817600 9456080 6675980 6668190 6297750
320 13817610 9456080 6675980 6668190 6297750
321 13817610 9456080 6675980 6668190 6297750
322 13818160 9456620 6676000 6668210 6297770
323 13818170 9456640 6676000 6668210 6297770
324 13818460 9456880 6676010 6668220 6297780
325 13818470 9456900 6676010 6668220 6297780
326 13818470 9456900 6676010 6668220 6297780
327 13818470 9456900 6676010 6668230 6297780
328 13818500 9456940 6676010 6668230 6297780
329 13818530 9456980 6676010 6668230 6297780
330 13819020 9456990 6676030 6668250 6297790
331 13819100 9457050 6676030 6668250 6297790
332 13819280 9457220 6676030 6668260 6297790
333 14119280 9457860 6677310 6669590 6298430
334 14119280 9457860 6677310 6669590 6298430
335 14119880 9458420 6677330 6669610 6298450
336 14119880 9458420 6677330 6669610 6298450
337 14119930 9458480 6677330 6669610 6298450
338 14119960 9458500 6677330 6669610 6298450
339 14120840 9458690 6677420 6669760 6298540
340 14221530 9758690 6692730 6684540 6313320
341 14221530 9758690 6692730 6684550 6313320
342 14221550 9758720 6692730 6684550 6313320
343 14221610 9758780 6692730 6684550 6313320
344 14273610 9759780 6694120 6685110 6313880
345 14273610 9759780 6694120 6685110 6313880
346 14273650 9759830 6694120 6685110 6313880
347 14573650 10059830 6698130 6688000 6316770
348 14574180 10060360 6698140 6688020 6316780
349 14574240 10060420 6698140 6688020 6316780
350 14574240 10060420 6698140 6688020 6316780
351 14585960 10079320 6698530 6688430 6317170
352 14586080 10079440 6698530 6688430 6317170
353 14586080 10079440 6698530 6688430 6317170
354 14586100 10079450 6698530 6688430 6317170
355 14586480 10079760 6698530 6688440 6317170
356 14586500 10079760 6698530 6688440 6317170
357 14586570 10079760 6698540 6688450 6317170
358 14586580 10079770 6698540 6688450 6317170
359 14642760 10142300 6698860 6688840 6317490
360 14643320 10142520 6699170 6688970 6317620
361 14643350 10142520 6699180 6688980 6317620
362 14943350 10442520 6699750 6689540 6318180
363 14943350 10442520 6699750 6689540 6318180
364 14943350 10442520 6699750 6689540 6318180
365 15243350 10442550 6699860 6689570 6318210
366 15244050 10443420 6699890 6689590 6318230
367 15244050 10443420 6699890 6689590 6318230
368 15244050 10443420 6699890 6689590 6318230
369 15493270 10452990 6728500 6701660 6327800
370 15793270 10453360 6728920 6702030 6328170
371 15858030 10457680 6729300 6702330 6328470
372 15858040 10457690 6729300 6702330 6328470
373 15858040 10457690 6729300 6702330 6328470
374 16014170 10459460 6733010 6704090 6330230
375 16014190 10459470 6733010 6704090 6330230
376 16014190 10459470 6733010 6704090 6330230
377 16014190 10459470 6733010 6704090 6330230
378 16014190 10459470 6733010 6704090 6330230
379 16314190 10759470 7033010 7004090 6630230
380 16314270 10759530 7033010 7004090 6630230
381 16314270 10759530 7033010 7004090 6630230
382 16614270 11059530 7037640 7007650 6633790
383 16614660 11059920 7037660 7007670 6633810
384 16614660 11059930 7037660 7007670 6633810
385 16614660 11059940 7037660 7007670 6633810
386 16614660 11059940 7037660 7007670 6633810
387 16637300 11063590 7041340 7011400 6637460
388 16637310 11063610 7041340 7011400 6637460
389 16937310 11363610 7041460 7011500 6637560
390 16937310 11363610 7041460 7011500 6637560
391 16937510 11363790 7041460 7011500 6637560
392 16937580 11363840 7041470 7011510 6637570
393 17237580 11663840 7341470 7311510 6937570
394 17237710 11663960 7341470 7311520 6937570
395 17237780 11664030 7341540 7311590 6937640
396 17237780 11664030 7341540 7311590 6937640
397 17257450 11668350 7346890 7316200 6941960
398 17557450 11968350 7352600 7321430 6947190
399 17557680 11968570 7352600 7321440 6947190
400 17588170 11971660 7354600 7325450 6949190
401 17588220 11971730 7354600 7325450 6949190
402 17607510 11971750 7354640 7325460 6949200
403 17607510 11971750 7354640 7325460 6949200
404 17607610 11971770 7354680 7325490 6949220
405 17607800 11971940 7354690 7325500 6949230
406 17607990 11972120 7354700 7325500 6949230
407 17607990 11972120 7354700 7325500 6949230
408 17611040 11972140 7354790 7325520 6949250
409 17611880 11972250 7355110 7325570 6949300
410 17911880 12272250 7655110 7625570 7249300
411 17911880 12272260 7655110 7625590 7249300
412 17911900 12272260 7655120 7625590 7249300
413 17911900 12272260 7655120 7625590 7249300
414 17911900 12272260 7655120 7625590 7249300
415 18211900 12572260 7655680 7626260 7249860
416 18212690 12613660 7655740 7626330 7249920
417 18512690 12656440 7850770 7722280 7292700
418 18512690 12656440 7850770 7722280 7292700
419 18517840 12662190 7850880 7722410 7292810
420 18517850 12662200 7850880 7722410 7292810
421 18517870 12662250 7850940 7722480 7292830
422 18517880 12662260 7850940 7722480 7292830
423 18517890 12662270 7850940 7722480 7292830
424 18670880 12813100 7851340 7722900 7293230
425 18670880 12813120 7851340 7722920 7293230
426 18970880 13113120 7851470 7723130 7293360
427 18970890 13113140 7851470 7723130 7293360
428 18970890 13113140 7851470 7723130 7293360
429 18971050 13113300 7851470 7723130 7293360
430 18971850 13114120 7851500 7723160 7293390
431 18972250 13114470 7851900 7723620 7293740
432 19272250 13414470 8151900 8023620 7593740
433 19275100 13414570 8152470 8023730 7593840
434 19275100 13414570 8152470 8023730 7593840
435 19275100 13414570 8152470 8023730 7593840
436 19275210 13414660 8152470 8023730 7593840
437 19275300 13414750 8152470 8023740 7593840
438 19275300 13414760 8152470 8023740 7593840
439 19275480 13414930 8152470 8023750 7593840
440 19275480 13414930 8152470 8023750 7593840
441 19275690 13415140 8152480 8023760 7593850
442 19275700 13415150 8152480 8023760 7593850
443 19275700 13415150 8152490 8023760 7593850
444 19575700 13715150 8154090 8025170 7595260
445 19575710 13715160 8154090 8025170 7595260
446 19875710 14015160 8154950 8026550 7596120
447 19875710 14015160 8154950 8026550 7596120
448 20175710 14315160 8454950 8326550 7896120
449 20175830 14315260 8454950 8326550 7896120
450 20176370 14315800 8454960 8326570 7896130
451 20476370 14615800 8754960 8626570 8196130
452 20476370 14615800 8754960 8626570 8196130
453 20476470 14615810 8755000 8626580 8196140
454 20776470 14624470 8773800 8638250 8204800
455 21076470 14624520 8773940 8638290 8204840
456 21076470 14624520 8773940 8638290 8204840
457 21076510 14624560 8773940 8638290 8204840
458 21076630 14624660 8773940 8638290 8204840
459 21076660 14624680 8773940 8638290 8204840
460 21077740 14625770 8773970 8638320 8204870
461 21077750 14625770 8773970 8638320 8204870
462 21077750 14625770 8773970 8638330 8204870
463 21077770 14625780 8773970 8638330 8204870
464 21077770 14625780 8773970 8638330 8204870
465 21078680 14627000 8774410 8638670 8205210
466 21378680 14927000 9074410 8938670 8505210
467 21378680 14927000 9074410 8938670 8505210
468 21378810 14927130 9074410 8938670 8505210
469 21378810 14927130 9074410 8938670 8505210
470 21378840 14927160 9074410 8938670 8505210
471 21378850 14927170 9074410 8938670 8505210
472 21379030 14927330 9074410 8938680 8505210
473 21379030 14927330 9074410 8938680 8505210
474 21379030 14927340 9074410 8938680 8505210
475 21379060 14927380 9074410 8938680 8505210
476 21679060 14927470 9074710 8938790 8505300
477 21680970 14927650 9075920 8939060 8505480
478 21681010 14927650 9075930 8939060 8505480
479 21681600 14927780 9076190 8939160 8505580
480 21681600 14927780 9076190 8939160 8505580
481 21681600 14927780 9076190 8939160 8505580
482 21681850 14928000 9076200 8939170 8505590
483 21981850 15228000 9376200 9239170 8805590
484 21981860 15228010 9376200 9239170 8805590
485 22281860 15233820 9387790 9245040 8811400
486 22281880 15233820 9387790 9245040 8811400
487 22281880 15233820 9387790 9245040 8811400
488 22581880 15433360 9392550 9249510 8815870
489 22582330 15433510 9392770 9249770 8816020
490 22582330 15433510 9392770 9249770 8816020
491 22582330 15433510 9392770 9249770 8816020
492 22582330 15433510 9392770 9249770 8816020
493 22582360 15433580 9392800 9249830 8816050
494 22582360 15433580 9392810 9249830 8816050
495 22744370 15433600 9392920 9249860 8816070
496 23044370 15434350 9394700 9250280 8816490
497 23344370 15734350 9694700 9550280 9116490
498 23346430 15736990 9695320 9550900 9117110
499 23346450 15736990 9695320 9550900 9117110
500 23346460 15737000 9695320 9550900 9117110
501 23346480 15737000 9695330 9550900 9117110
502 23346500 15737070 9695350 9550960 9117130
503 23346990 15737480 9695360 9550980 9117140
504 23346990 15737480 9695360 9550990 9117140
505 23646990 16037480 9697130 9553080 9118910
506 23649590 16042270 9701800 9560940 9121510
507 23649610 16042270 9701810 9560940 9121510
508 23649620 16042280 9701810 9560940 9121510
509 23649970 16042310 9701840 9560960 9121530
510 23649970 16042310 9701840 9560960 9121530
511 23650900 16042840 9702120 9561440 9121810
512 23950900 16342840 10002120 9861440 9421810
513 23950900 16342840 10002120 9861440 9421810
514 23951040 16342960 10002120 9861440 9421810
515 23951040 16342960 10002120 9861440 9421810
516 23951380 16343240 10002130 9861450 9421820
517 23951380 16343240 10002130 9861450 9421820
518 23952600 16343360 10002200 9861510 9421880
519 24252600 16643360 10302200 10161510 9721880
520 24252710 16643460 10302200 10161510 9721880
521 24252710 16643460 10302200 10161510 9721880
522 24252710 16643460 10302200 10161510 9721880
523 24253750 16644540 10302230 10161550 9721910
524 24253750 16644550 10302230 10161550 9721910
525 24254240 16644970 10302250 10161570 9721930
526 24254530 16645220 10302260 10161580 9721940
527 24254580 16645270 10302260 10161580 9721940
528 24254580 16645270 10302260 10161580 9721940
529 24299200 16646040 10303150 10162090 9722450
530 24599200 16946040 10603150 10462090 10022450
531 24599260 16946100 10603150 10462090 10022450
532 24599320 16946100 10603150 10462090 10022450
533 24599330 16946100 10603160 10462090 10022450
534 24599590 16946340 10603170 10462100 10022460
535 24599630 16946380 10603200 10462100 10022460
536 24599640 16946390 10603200 10462100 10022460
537 24599950 16946640 10603210 10462110 10022470
538 24599970 16946650 10603210 10462110 10022470
539 24899970 17246650 10903210 10762110 10322470
540 25199970 17546650 10904080 10762980 10323340
541 25199980 17546660 10904080 10762980 10323340
542 25499980 17786940 10927020 10781730 10342090
543 25500010 17786980 10927020 10781730 10342090
544 25502770 17789780 10927110 10781830 10342180
545 25502820 17789780 10927110 10781830 10342180
546 25502820 17789780 10927110 10781830 10342180
547 25502840 17789780 10927130 10781830 10342180
548 25559320 17790310 10927810 10782640 10342710
549 25859320 18090310 11227810 11082640 10642710
550 25859320 18090310 11227810 11082640 10642710
551 25859380 18090370 11227810 11082640 10642710
552 25859420 18090410 11227810 11082640 10642710
553 25859730 18090470 11227890 11082700 10642770
554 25859810 18090530 11227890 11082700 10642770
555 26159810 18390530 11527890 11382700 10942770
556 26159870 18390590 11527890 11382700 10942770
557 26159870 18390590 11527890 11382700 10942770
558 26159870 18390600 11527890 11382710 10942770
559 26459870 18690600 11827890 11682710 11242770
560 26459870 18690600 11827890 11682710 11242770
561 26459960 18690680 11827890 11682710 11242770
562 26459970 18690690 11827890 11682710 11242770
563 26459970 18690700 11827890 11682710 11242770
564 26464550 18692790 11830270 11685090 11244860
565 26464600 18692850 11830270 11685090 11244860
566 26464890 18693090 11830280 11685090 11244860
567 26464920 18693120 11830280 11685090 11244860
568 26464930 18693130 11830280 11685090 11244860
569 26464930 18693130 11830280 11685090 11244860
570 26464960 18693150 11830280 11685090 11244860
571 26464960 18693160 11830280 11685090 11244860
572 26764960 18993160 12130280 11985090 11544860
573 26765140 18993330 12130280 11985100 11544860
574 27065140 18993520 12130500 11985190 11544950
575 27365140 19293520 12430500 12285190 11844950
576 27365350 19293550 12430590 12285230 11844980
577 27365360 19293560 12430600 12285240 11844990
578 27665360 19593560 12730600 12585240 12144990
579 27665360 19593560 12730600 12585240 12144990
580 27665360 19593560 12730600 12585240 12144990
581 27665360 19593570 12730600 12585240 12144990
582 27965360 19607190 12732370 12586470 12146220
583 27965360 19607190 12732370 12586470 12146220
584 27965370 19607200 12732370 12586470 12146220
585 28265370 19626750 12732650 12586880 12146500
586 28265370 19626750 12732650 12586880 12146500
587 28267030 19628390 12732690 12586920 12146540
588 28267030 19628390 12732690 12586920 12146540
589 28267030 19628390 12732690 12586920 12146540
590 28267070 19628440 12732690 12586920 12146540
591 28272870 19629260 12733030 12587240 12146860
592 28272870 19629260 12733030 12587240 12146860
593 28272870 19629270 12733030 12587250 12146860
594 28272900 19629300 12733030 12587250 12146860
595 28275590 19631980 12733240 12587490 12147070
596 28275790 19632160 12733240 12587500 12147070
597 28275890 19632260 12733240 12587500 12147070
598 28275970 19632310 12733240 12587500 12147070
599 28277600 19633950 12733280 12587530 12147100
600 28277600 19633950 12733280 12587530 12147100
601 28277600 19633960 12733280 12587540 12147100
602 28357590 19634440 12734260 12588100 12147580
603 28357790 19634650 12734260 12588100 12147580
604 28388420 19639390 12741200 12593450 12152320
605 28388420 19639390 12741200 12593450 12152320
606 28388420 19639390 12741200 12593450 12152320
607 28388430 19639400 12741200 12593450 12152320
608 28388450 19639410 12741210 12593450 12152320
609 28388450 19639410 12741210 12593450 12152320
610 28688450 19939410 13041210 12893450 12452320
611 28688700 19939620 13041220 12893460 12452330
612 28688710 19939630 13041220 12893460 12452330
613 28688900 19939810 13041230 12893460 12452330
614 28770840 20239810 13042810 12894010 12452880
615 28770840 20239810 13042810 12894010 12452880
616 29070840 20539810 13043130 12894280 12453150
617 29070950 20539910 13043130 12894280 12453150
618 29070950 20539910 13043130 12894280 12453150
619 29070950 20539910 13043130 12894280 12453150
620 29070970 20539930 13043130 12894280 12453150
621 29072500 20541560 13043170 12894320 12453190
622 29072500 20541560 13043170 12894320 12453190
623 29072850 20541850 13043180 12894330 12453200
624 29075370 20542030 13043420 12894410 12453280
625 29375370 20842030 13343420 13194410 12753280
626 29375550 20842030 13343420 13194410 12753280
627 29375550 20842050 13343420 13194420 12753280
628 29375550 20842050 13343420 13194420 12753280
629 29375770 20842250 13343430 13194430 12753290
630 29376930 20843850 13344250 13195360 12754110
631 29376940 20843850 13344250 13195360 12754110
632 29376940 20843850 13344250 13195360 12754110
633 29676940 21143850 13644250 13495360 13054110
634 29676960 21143850 13644270 13495360 13054110
635 29677020 21143920 13644270 13495360 13054110
636 29677100 21143990 13644270 13495360 13054110
637 29677100 21143990 13644270 13495360 13054110
638 29677260 21144140 13644270 13495360 13054110
639 29977260 21444140 13645300 13496610 13055140
640 29977420 21444210 13645400 13496640 13055170
641 29977420 21444210 13645400 13496640 13055170
642 29977440 21444240 13645400 13496640 13055170
643 29977460 21444260 13645400 13496640 13055170
644 29977460 21444260 13645400 13496640 13055170
645 29977980 21444770 13645410 13496660 13055180
646 29979040 21445940 13645830 13497010 13055530
647 29979040 21445940 13645830 13497010 13055530
648 29979110 21446010 13645830 13497010 13055530
649 29979110 21446010 13645830 13497010 13055530
650 30279110 21746010 13646700 13498000 13056400
651 30279110 21746010 13646710 13498010 13056400
652 30280180 21748060 13648550 13501450 13057470
653 30280220 21748110 13648550 13501450 13057470
654 30280250 21748160 13648550 13501450 13057470
655 30280250 21748160 13648550 13501450 13057470
656 30280290 21748180 13648550 13501450 13057470
657 30280290 21748180 13648550 13501450 13057470
658 30280460 21748230 13648620 13501590 13057520
659 30280720 21748230 13648630 13501590 13057520
660 30280790 21748290 13648630 13501590 13057520
661 30284160 21748460 13648960 13501750 13057680
662 30284260 21748560 13648960 13501750 13057680
663 30284290 21748590 13648960 13501750 13057680
664 30584290 22048590 13649450 13502160 13058090
665 30584290 22048590 13649450 13502160 13058090
666 30584690 22048600 13649480 13502160 13058090
667 30592520 22048690 13649590 13502280 13058180
668 30892520 22348690 13949590 13802280 13358180
669 30900850 22348710 13949620 13802290 13358190
670 30900900 22348770 13949620 13802290 13358190
671 31200900 22648770 14249620 14102290 13658190
672 31201170 22649000 14249630 14102300 13658200
673 31201170 22649000 14249630 14102300 13658200
674 31201180 22649010 14249630 14102300 13658200
675 31201480 22649260 14249630 14102310 13658200
676 31201500 22649280 14249630 14102310 13658200
677 31202020 22649790 14249640 14102330 13658210
678 31202110 22649790 14249650 14102330 13658210
679 31210650 22650020 14249820 14102440 13658320
680 31210670 22650020 14249830 14102440 13658320
681 31210670 22650030 14249830 14102440 13658320
682 31210680 22650040 14249830 14102440 13658320
683 31210680 22650040 14249830 14102440 13658320
684 31211760 22651130 14249860 14102480 13658350
685 31211810 22651190 14249860 14102480 13658350
686 31212040 22651190 14249880 14102480 13658350
687 31512040 22659670 14270910 14115670 13666830
688 31512190 22659830 14270920 14115670 13666830
689 31812190 22678590 14343060 14151970 13685590
690 31812210 22678590 14343070 14151970 13685590
691 31812210 22678590 14343070 14151970 13685590
692 31812300 22678650 14343070 14151970 13685590
693 31814100 22679000 14343520 14152310 13685930
694 32114100 22690470 14400900 14172070 13697400
695 32114230 22690600 14400900 14172080 13697400
696 32114770 22691110 14400910 14172100 13697410
697 32115340 22691660 14400930 14172120 13697430
698 32115340 22691660 14400930 14172120 13697430
699 32415340 22991660 14700930 14472120 13997430
700 32415360 22991660 14700940 14472120 13997430
701 32415380 22991660 14700940 14472120 13997430
702 32415380 22991660 14700940 14472120 13997430
703 32415400 22991670 14700940 14472120 13997430
704 32433580 22991850 14701370 14472360 13997610
705 32434670 22992950 14701400 14472400 13997640
706 32434680 22992970 14701400 14472400 13997640
707 32434680 22992970 14701400 14472400 13997640
708 32434680 22992970 14701400 14472400 13997640
709 32434700 22992990 14701400 14472400 13997640
710 32434700 22993000 14701400 14472400 13997640
711 32434700 22993010 14701400 14472400 13997640
712 32435060 22993310 14701410 14472420 13997650
713 32735060 23293310 14703050 14474470 13999290
714 32735070 23293310 14703050 14474470 13999290
715 32735080 23293310 14703050 14474470 13999290
716 32735560 23293610 14703500 14474860 13999590
717 32735560 23293610 14703500 14474860 13999590
718 32735630 23293670 14703500 14474860 13999590
719 32735840 23293890 14703510 14474870 13999600
720 32735840 23293890 14703510 14474870 13999600
721 32735850 23293890 14703510 14474870 13999600
722 32735850 23293890 14703510 14474870 13999600
723 32735960 23293990 14703510 14474870 13999600
724 32736000 23294020 14703520 14474870 13999600
725 32736030 23294040 14703520 14474870 13999600
726 32736030 23294040 14703520 14474870 13999600
727 32736030 23294040 14703520 14474870 13999600
728 32736090 23294110 14703520 14474870 13999600
729 33036090 23594110 15003520 14774870 14299600
730 33036100 23594120 15003520 14774870 14299600
731 33036440 23594400 15003530 14774880 14299610
732 33036440 23594400 15003530 14774880 14299610
733 33036440 23594400 15003530 14774880 14299610
734 33036490 23594460 15003530 14774880 14299610
735 33036750 23594700 15003540 14774890 14299620
736 33036770 23594720 15003540 14774890 14299620
737 33036790 23594730 15003550 14774890 14299620
738 33036790 23594740 15003550 14774890 14299620
739 33036810 23594750 15003550 14774890 14299620
740 33036860 23594750 15003550 14774890 14299620
741 33040650 23595740 15004720 14775430 14300160
742 33041360 23596610 15006040 14777580 14300870
743 33043460 23596840 15006970 14777730 14301020
744 33343460 23896840 15306970 15077730 14601020
745 33344030 23897390 15306990 15077740 14601030
746 33344110 23897450 15306990 15077740 14601030
747 33344110 23897450 15306990 15077740 14601030
748 33344110 23897460 15306990 15077740 14601030
749 33344110 23897460 15306990 15077740 14601030
750 33644110 24197460 15308790 15079610 14602830
751 33648650 24202500 15308910 15079770 14602950
752 33648660 24202520 15308910 15079770 14602950
753 33648660 24202520 15308910 15079770 14602950
754 33668410 24202920 15309940 15080260 14603350
755 33689930 24203480 15310580 15080530 14603620
756 33690170 24203700 15310580 15080530 14603620
757 33690170 24203700 15310580 15080530 14603620
758 33990170 24503700 15610580 15380530 14903620
759 33990170 24503700 15610580 15380530 14903620
760 34290170 24803700 15611380 15381330 14904420
761 34590170 25103700 15911380 15681330 15204420
762 34590170 25103700 15911380 15681330 15204420
763 34590180 25103710 15911380 15681330 15204420
764 34590220 25103720 15911390 15681330 15204420
765 34590230 25103730 15911390 15681330 15204420
766 34890230 25403730 16211390 15981330 15504420
767 34890240 25403750 16211400 15981340 15504430
768 34890240 25403750 16211400 15981340 15504430
769 34890270 25403770 16211400 15981340 15504430
770 34890950 25404360 16211410 15981360 15504440
771 34890970 25404410 16211430 15981420 15504460
772 34891030 25404470 16211430 15981420 15504460
773 34891030 25404470 16211430 15981420 15504460
774 34891060 25404470 16211440 15981420 15504460
775 35191060 25420850 16341240 16013740 15520840
776 35191200 25420970 16341240 16013740 15520840
777 35191210 25420980 16341240 16013740 15520840
778 35191220 25420980 16341240 16013740 15520840
779 35191280 25421050 16341240 16013740 15520840
780 35191290 25421060 16341240 16013740 15520840
781 35191290 25421060 16341240 16013740 15520840
782 35191320 25421090 16341240 16013740 15520840
783 35248230 25421100 16341320 16013760 15520850
784 35248230 25421100 16341320 16013760 15520850
785 35248250 25421120 16341320 16013760 15520850
786 35248250 25421120 16341320 16013760 15520850
787 35248250 25421120 16341320 16013760 15520850
788 35548250 25721120 16345340 16018060 15524870
789 35548380 25721240 16345350 16018060 15524870
790 35848380 26021240 16345720 16018350 15525160
791 36148380 26321240 16645720 16318350 15825160
792 36448380 26621240 16648460 16321150 15827900
793 36448410 26621270 16648460 16321150 15827900
794 36448420 26621300 16648470 16321180 15827910
795 36448690 26621540 16648480 16321190 15827920
796 36448690 26621540 16648480 16321190 15827920
797 36448920 26621730 16648490 16321190 15827920
798 36448920 26621730 16648490 16321190 15827920
799 36449900 26622980 16649000 16321760 15828430
800 36449930 26623000 16649000 16321760 15828430
801 36449960 26623010 16649020 16321780 15828440
802 36749960 26643700 16715540 16356610 15849130
803 36749970 26643710 16715540 16356610 15849130
804 37049970 26644480 16716350 16357060 15849580
805 37049970 26644480 16716350 16357060 15849580
806 37049970 26644480 16716350 16357060 15849580
807 37049970 26644490 16716350 16357070 15849580
808 37056410 26644930 16717770 16357540 15850020
809 37056590 26645110 16717770 16357540 15850020
810 37058260 26646750 16717810 16357580 15850060
811 37358260 26946750 17017810 16657580 16150060
812 37358260 26946750 17017810 16657580 16150060
813 37361260 26946900 17017920 16657650 16150130
814 37361470 26947090 17017920 16657650 16150130
815 37361480 26947100 17017920 16657650 16150130
816 37361490 26947110 17017920 16657650 16150130
817 37361500 26947120 17017920 16657650 16150130
818 37661500 27247120 17317920 16957650 16450130
819 37661560 27247180 17317920 16957650 16450130
820 37661660 27247280 17317920 16957650 16450130
821 37661670 27247290 17317920 16957650 16450130
822 37961670 27547290 17617920 17257650 16750130
823 37961780 27547380 17617920 17257650 16750130
824 37963400 27548990 17617960 17257690 16750170
825 38263400 27564090 17712850 17286260 16765270
826 38263580 27564260 17712850 17286260 16765270
827 38263580 27564260 17712850 17286260 16765270
828 38263640 27564270 17712880 17286260 16765270
829 38263650 27564280 17712880 17286260 16765270
830 38263650 27564280 17712880 17286260 16765270
831 38563650 27864280 18012880 17586260 17065270
832 38563660 27864290 18012880 17586260 17065270
833 38564120 27864670 18012890 17586270 17065280
834 38564130 27864680 18012890 17586270 17065280
835 38566010 27865990 18013980 17587390 17066370
836 38566840 27866970 18014000 17587410 17066390
837 38566850 27866980 18014000 17587410 17066390
838 38568260 27867150 18014420 17587690 17066560
839 38568260 27867150 18014420 17587690 17066560
840 38568260 27867150 18014420 17587690 17066560
841 38568260 27867150 18014420 17587690 17066560
842 38568450 27867330 18014430 17587700 17066570
843 38868450 28167330 18014720 17588020 17066860
844 38868450 28167330 18014720 17588020 17066860
845 38868530 28167400 18014720 17588020 17066860
846 38868530 28167400 18014720 17588020 17066860
847 38868530 28167400 18014720 17588020 17066860
848 39168530 28467400 18314720 17888020 17366860
849 39169200 28467540 18314910 17888230 17367000
850 39169200 28467540 18314910 17888230 17367000
851 39169200 28467540 18314910 17888230 17367000
852 39169200 28467550 18314910 17888230 17367000
853 39169540 28467820 18314920 17888240 17367010
854 39169540 28467820 18314920 17888240 17367010
855 39169540 28467820 18314920 17888240 17367010
856 39170710 28468290 18315530 17888720 17367480
857 39170710 28468290 18315530 17888720 17367480
858 39170710 28468290 18315530 17888720 17367480
859 39470710 28768290 18317250 17890640 17369200
860 39470710 28768300 18317250 17890650 17369200
861 39470890 28768480 18317250 17890660 17369200
862 39470890 28768480 18317250 17890660 17369200
863 39476040 28770650 18317700 17891010 17369550
864 39476120 28770710 18317700 17891010 17369550
865 39476140 28770710 18317710 17891010 17369550
866 39776140 29070710 18617710 18191010 17669550
867 40076140 29370710 18917710 18491010 17969550
868 40076140 29370710 18917710 18491010 17969550
869 40076140 29370710 18917710 18491010 17969550
870 40076190 29370770 18917710 18491010 17969550
871 40076200 29370780 18917710 18491010 17969550
872 40076210 29370790 18917710 18491010 17969550
873 40132870 29383800 18918440 18491490 17970030
874 40132870 29383800 18918440 18491490 17970030
875 40132870 29383800 18918440 18491490 17970030
876 40132870 29383800 18918440 18491490 17970030
877 40133090 29383990 18918440 18491490 17970030
878 40133770 29384840 18918460 18491510 17970050
879 40433770 29684840 18919080 18492260 17970670
880 40433780 29684860 18919080 18492260 17970670
881 40433790 29684860 18919080 18492260 17970670
882 40433790 29684860 18919080 18492260 17970670
883 40433900 29684860 18919080 18492260 17970670
884 40433970 29684930 18919080 18492260 17970670
885 40433970 29684930 18919080 18492260 17970670
886 40434540 29685490 18919090 18492270 17970680
887 40434560 29685500 18919090 18492270 17970680
888 40734560 29686120 18924190 18492580 17970990
889 40734950 29686440 18924200 18492590 17971000
890 40734980 29686490 18924200 18492590 17971000
891 40734980 29686490 18924200 18492590 17971000
892 40735000 29686510 18924200 18492590 17971000
893 41035000 29986510 19224200 18792590 18271000
894 41056710 29986910 19224820 18793020 18271400
895 41056790 29986970 19224820 18793020 18271400
896 41073450 29987190 19225950 18793170 18271550
897 41073470 29987190 19225970 18793170 18271550
898 41373470 29992840 19237870 18799690 18277200
899 41373520 29992840 19237870 18799690 18277200
900 41673520 30292840 19537870 19099690 18577200
901 41725850 30592840 19538570 19099980 18577490
902 41725860 30592850 19538570 19099980 18577490
903 41725860 30592850 19538570 19099980 18577490
904 41726060 30593040 19538580 19099990 18577500
905 41726240 30593200 19538580 19099990 18577500
906 41726370 30593320 19538590 19099990 18577500
907 41726370 30593320 19538590 19099990 18577500
908 41726370 30593320 19538590 19099990 18577500
909 41726370 30593320 19538590 19099990 18577500
910 41726370 30593320 19538590 19099990 18577500
911 42026370 30893320 19540600 19101720 18579230
912 42026580 30893700 19541060 19102200 18579440
913 42026580 30893700 19541060 19102200 18579440
914 42026600 30893700 19541070 19102200 18579440
915 42326600 31193700 19841070 19402200 18879440
916 42326600 31193700 19841070 19402200 18879440
917 42326800 31193750 19841130 19402230 18879470
918 42332520 31197350 19842750 19403690 18880930
919 42332520 31197360 19842750 19403690 18880930
920 42333370 31198510 19843510 19404310 18881550
921 42346090 31202030 19845040 19404930 18882170
922 42346290 31202210 19845040 19404930 18882170
923 42346290 31202210 19845040 19404930 18882170
924 42354070 31202900 19847150 19405280 18882520
925 42355690 31204500 19847190 19405320 18882560
926 42355690 31204500 19847190 19405320 18882560
927 42355700 31204510 19847190 19405330 18882560
928 42355700 31204510 19847190 19405340 18882560
929 42355740 31204560 19847190 19405340 18882560
930 42355770 31204590 19847190 19405340 18882560
931 42355770 31204590 19847190 19405350 18882560
932 42355770 31204590 19847190 19405350 18882560
933 42355850 31204660 19847190 19405350 18882560
934 42459460 31206950 19851720 19406760 18883970
935 42759460 31506950 20151720 19706760 19183970
936 43059460 31806950 20451720 20006760 19483970
937 43059460 31806950 20451720 20006760 19483970
938 43059700 31807170 20451730 20006770 19483980
939 43061340 31808800 20451760 20006810 19484010
940 43061420 31808810 20451810 20006850 19484020
941 43361420 32108810 20751810 20306850 19784020
942 43361430 32108820 20751810 20306850 19784020
943 43361430 32108820 20751810 20306860 19784020
944 43361430 32108820 20751810 20306860 19784020
945 43361440 32108840 20751810 20306860 19784020
946 43648580 32108870 20751920 20306900 19784050
947 43688930 32109470 20752580 20307310 19784460
948 43688940 32109490 20752580 20307310 19784460
949 43688950 32109500 20752580 20307310 19784460
950 43688960 32109510 20752580 20307310 19784460
951 43688960 32109510 20752580 20307310 19784460
952 43689140 32109680 20752580 20307320 19784460
953 43689450 32109700 20752630 20307340 19784480
954 43698250 32118910 20752780 20307530 19784630
955 43698260 32118920 20752790 20307540 19784640
956 43998260 32418920 20752880 20307630 19784730
957 43998290 32418990 20752900 20307690 19784750
958 43998460 32419160 20752900 20307690 19784750
959 43999890 32420210 20754370 20309140 19785800
960 43999890 32420210 20754370 20309140 19785800
961 43999980 32420280 20754370 20309140 19785800
962 44003730 32425390 20761300 20320990 19789550
963 44003760 32425420 20761300 20320990 19789550
964 44013350 32433580 20761700 20321300 19789860
965 44013390 32433640 20761700 20321300 19789860
966 44018320 32435630 20762220 20321770 19790330
967 44018320 32435630 20762220 20321770 19790330
968 44018320 32435630 20762220 20321770 19790330
969 44018320 32435630 20762220 20321770 19790330
970 44318320 32435690 20762420 20321830 19790390
971 44318320 32435690 20762420 20321830 19790390
972 44318330 32435700 20762420 20321830 19790390
973 44618330 32735700 20762800 20322210 19790770
974 44618330 32735700 20762800 20322210 19790770
975 44812350 32739780 20776160 20326260 19794820
976 44812350 32739780 20776160 20326260 19794820
977 44812410 32739780 20776160 20326260 19794820
978 45112410 33039780 20779460 20330480 19798120
979 45412410 33339780 21079460 20630480 20098120
980 45412780 33339820 21079890 20630530 20098160
981 45412790 33339830 21079890 20630530 20098160
982 45413010 33340020 21079890 20630540 20098160
983 45713010 33640020 21379890 20930540 20398160
984 45713010 33640020 21379890 20930540 20398160
985 45713130 33640120 21379890 20930540 20398160
986 45713130 33640120 21379890 20930540 20398160
987 45713130 33640120 21379890 20930540 20398160
988 45713600 33640540 21379910 20930560 20398180
989 46013600 33644550 21385480 20933090 20400710
990 46013640 33644600 21385480 20933090 20400710
991 46013740 33644680 21385520 20933110 20400730
992 46023930 33645010 21385920 20933290 20400910
993 46024440 33645520 21385930 20933310 20400920
994 46324440 33653680 21402870 20943530 20409080
995 46419130 33654130 21403900 20943710 20409260
996 46419150 33654130 21403910 20943710 20409260
997 46719150 33654660 21404510 20943990 20409540
998 46719170 33654670 21404510 20943990 20409540
999 46719180 33654680 21404510 20943990 20409540
1000 46719180 33654680 21404510 20943990 20409540
1001 46719190 33654680 21404510 20943990 20409540
1002 46719270 33654730 21404570 20944070 20409590
1003 46719280 33654740 21404570 20944070 20409590
1004 46860810 33654750 21404580 20944080 20409600
1005 46860870 33654820 21404580 20944080 20409600
1006 46860890 33654830 21404580 20944080 20409600
1007 46860890 33654830 21404580 20944080 20409600
1008 46951790 33670220 21424590 20957710 20423230
1009 46951800 33670230 21424590 20957710 20423230
1010 47251800 33970230 21724590 21257710 20723230
1011 47251810 33970250 21724590 21257710 20723230
1012 47251810 33970250 21724590 21257710 20723230
1013 47551810 34270250 22024590 21557710 21023230
1014 47551810 34270250 22024590 21557710 21023230
1015 47551810 34270250 22024590 21557710 21023230
1016 47851810 34570250 22324590 21857710 21323230
1017 47851890 34570330 22324590 21857710 21323230
1018 47851890 34570330 22324590 21857710 21323230
1019 47851890 34570340 22324590 21857710 21323230
1020 48151890 34870340 22624590 22061280 21526800
1021 48151890 34870340 22624590 22061280 21526800
1022 48151910 34870340 22624600 22061280 21526800
1023 48451910 35170340 22626380 22062730 21528250
1024 48451910 35170340 22626380 22062730 21528250
1025 48451910 35170340 22626380 22062730 21528250
1026 48451910 35170340 22626380 22062730 21528250
1027 48451920 35170340 22626380 22062730 21528250
1028 48452460 35170870 22626400 22062750 21528270
1029 48454180 35174010 22629490 22068250 21529990
1030 48454200 35174010 22629510 22068250 21529990
1031 48454200 35174010 22629510 22068250 21529990
1032 48454200 35174020 22629520 22068260 21529990
1033 48454360 35174030 22629540 22068280 21530000
1034 48454440 35174100 22629540 22068280 21530000
1035 48454450 35174110 22629540 22068280 21530000
1036 48454450 35174110 22629540 22068290 21530000
1037 48454460 35174130 22629540 22068290 21530000
1038 48454470 35174140 22629540 22068290 21530000
1039 48454550 35174210 22629540 22068290 21530000
1040 48455060 35174700 22629560 22068310 21530020
1041 48455130 35174720 22629580 22068330 21530040
1042 48463910 35175000 22629800 22068470 21530180
1043 48464920 35176020 22629830 22068500 21530210
1044 48464920 35176030 22629830 22068500 21530210
1045 48464940 35176050 22629830 22068500 21530210
1046 48464980 35176100 22629830 22068500 21530210
1047 48479530 35191300 22629940 22068620 21530320
1048 48479530 35191300 22629940 22068620 21530320
1049 48479530 35191300 22629940 22068620 21530320
1050 48479550 35191300 22629940 22068620 21530320
1051 48779550 35491300 22929940 22368620 21830320
1052 48779550 35491300 22929940 22368620 21830320
1053 48779580 35491320 22929950 22368620 21830320
1054 48806500 35492640 22931090 22369440 21831140
1055 48806500 35492640 22931090 22369440 21831140
1056 48807180 35493220 22931100 22369460 21831150
1057 48807260 35493280 22931100 22369460 21831150
1058 48807280 35493300 22931100 22369460 21831150
1059 49107280 35793300 22932890 22370800 21832490
1060 49107310 35793330 22932890 22370800 21832490
1061 49113940 35793530 22933090 22371010 21832690
1062 49115550 35794960 22933130 22371050 21832730
1063 49115560 35794960 22933130 22371050 21832730
1064 49115650 35795040 22933130 22371050 21832730
1065 49115670 35795040 22933140 22371050 21832730
1066 49406080 35798740 22940940 22374510 21836190
1067 49406550 35799140 22940960 22374530 21836210
1068 49706550 36099140 22942700 22376630 21837950
1069 49706550 36099140 22942700 22376630 21837950
1070 49706560 36099160 22942700 22376630 21837950
1071 49812200 36100140 22942910 22376970 21838160
1072 49813250 36101200 22942940 22377010 21838190
1073 49813250 36101210 22942940 22377010 21838190
1074 49813250 36101210 22942940 22377010 21838190
1075 49813800 36101900 22943050 22377130 21838300
1076 49814430 36102490 22943070 22377150 21838320
1077 49814430 36102490 22943070 22377150 21838320
1078 49814430 36102490 22943070 22377150 21838320
1079 49814430 36102490 22943070 22377150 21838320
1080 49816290 36103770 22944480 22378990 21839600
1081 49816380 36103840 22944480 22378990 21839600
1082 49816380 36103840 22944480 22378990 21839600
1083 49816380 36103840 22944480 22378990 21839600
1084 49816770 36104160 22944480 22379000 21839600
1085 49816770 36104160 22944480 22379000 21839600
1086 49816770 36104160 22944480 22379000 21839600
1087 49816770 36104160 22944480 22379000 21839600
1088 49816770 36104170 22944480 22379000 21839600
1089 49817030 36104410 22944490 22379010 21839610
1090 49817090 36104470 22944490 22379010 21839610
1091 49817110 36104490 22944490 22379010 21839610
1092 49817160 36104540 22944490 22379010 21839610
1093 49817160 36104540 22944490 22379010 21839610
1094 50117160 36107510 22950480 22381220 21841820
1095 50117360 36107690 22950480 22381220 21841820
1096 50117360 36107690 22950480 22381230 21841820
1097 50117360 36107690 22950480 22381230 21841820
1098 50117450 36107760 22950480 22381230 21841820
1099 50117460 36107770 22950480 22381230 21841820
1100 50117460 36107770 22950490 22381240 21841820
1101 50117690 36107870 22950550 22381290 21841870
1102 50117700 36107870 22950550 22381290 21841870
1103 50117700 36107880 22950550 22381300 21841870
1104 50118040 36108150 22950570 22381320 21841890
1105 50118040 36108150 22950570 22381320 21841890
1106 50118040 36108150 22950570 22381330 21841890
1107 50118050 36108160 22950570 22381330 21841890
1108 50418050 36133590 22951870 22382660 21843190
1109 50418240 36133770 22951870 22382660 21843190
1110 50421510 36137210 22952000 22382780 21843310
1111 50721510 36137410 22952260 22382880 21843410
1112 50722610 36138520 22952290 22382910 21843440
1113 50722630 36138530 22952290 22382910 21843440
1114 50722630 36138530 22952290 22382910 21843440
1115 50722630 36138530 22952290 22382910 21843440
1116 51022630 36438530 23252290 22682910 22143440
1117 51022640 36438540 23252290 22682910 22143440
1118 51022650 36438550 23252300 22682920 22143450
1119 51022780 36438580 23252360 22682980 22143480
1120 51022880 36438620 23252560 22683040 22143520
1121 51045760 36447240 23255420 22686450 22146380
1122 51045760 36447250 23255420 22686450 22146380
1123 51057610 36449210 23256450 22687120 22147050
1124 51058090 36449690 23256460 22687150 22147060
1125 51064420 36450250 23258110 22687440 22147350
1126 51064580 36450420 23258110 22687440 22147350
1127 51064580 36450420 23258110 22687440 22147350
1128 51064590 36450430 23258110 22687440 22147350
1129 51064670 36450490 23258110 22687440 22147350
1130 51167210 36552270 23258830 22688310 22148070
1131 51167590 36552590 23258840 22688320 22148080
1132 51467590 36852590 23259100 22688520 22148280
1133 51469100 36854200 23259140 22688560 22148320
1134 51769100 36865400 23311360 22705500 22159520
1135 51769120 36865420 23311360 22705500 22159520
1136 52069120 37165420 23311730 22705840 22159860
1137 52069200 37165480 23311730 22705840 22159860
1138 52074110 37165530 23312220 22706280 22159910
1139 52374110 37465530 23612220 23006280 22459910
1140 52374110 37465530 23612220 23006280 22459910
1141 52374110 37465530 23612220 23006280 22459910
1142 52374110 37465530 23612220 23006280 22459910
1143 52589510 37503980 23612420 23006530 22460110
1144 52589590 37503980 23612420 23006530 22460110
1145 52589680 37504080 23612420 23006530 22460110
1146 52591280 37505690 23612460 23006560 22460140
1147 52591280 37505690 23612460 23006560 22460140
1148 52891280 37805690 23912460 23306560 22760140
1149 52891330 37805750 23912460 23306560 22760140
1150 52891350 37805760 23912460 23306560 22760140
1151 52891400 37805830 23912460 23306560 22760140
1152 52891660 37805900 23912560 23306660 22760210
1153 52891660 37805900 23912560 23306660 22760210
1154 52891830 37806070 23912560 23306670 22760210
1155 52893140 37807560 23913060 23307030 22760570
1156 52893160 37807560 23913070 23307030 22760570
1157 52893200 37807620 23913070 23307030 22760570
1158 53193200 38107620 24213070 23607030 23060570
1159 53193230 38107650 24213070 23607030 23060570
1160 53193230 38107650 24213070 23607040 23060570
1161 53193250 38107670 24213070 23607040 23060570
1162 53193580 38107830 24213230 23607180 23060710
1163 53193660 38107900 24213230 23607180 23060710
1164 53193930 38108140 24213240 23607180 23060710
1165 53194240 38108360 24213360 23607290 23060820
1166 53194250 38108370 24213360 23607290 23060820
1167 53494250 38408370 24238030 23630830 23084360
1168 53494250 38408380 24238030 23630830 23084360
1169 53794250 38708380 24538030 23930830 23384360
1170 53794640 38708700 24538040 23930850 23384370
1171 53794860 38708910 24538040 23930860 23384370
1172 53794890 38708960 24538040 23930860 23384370
1173 53795100 38709150 24538050 23930870 23384380
1174 53795580 38709620 24538060 23930890 23384390
1175 54095580 39009620 24539950 23933110 23386280
1176 54095580 39009620 24539950 23933110 23386280
1177 54095790 39009620 24539960 23933120 23386280
1178 54096020 39009860 24539970 23933130 23386290
1179 54396020 39309860 24839970 24233130 23686290
1180 54396090 39309920 24839970 24233130 23686290
1181 54396110 39309930 24839990 24233130 23686290
1182 54396110 39309930 24839990 24233130 23686290
1183 54396620 39309930 24840000 24233130 23686290
1184 54396620 39309930 24840000 24233130 23686290
1185 54407240 39310130 24840840 24233900 23686490
1186 54407240 39310130 24840840 24233900 23686490
1187 54407260 39310190 24840860 24233950 23686510
1188 54707260 39610190 25140860 24533950 23986510
1189 54707280 39610190 25140870 24533950 23986510
1190 54707360 39610260 25140870 24533950 23986510
1191 54710110 39610950 25141550 24534360 23986920
1192 54710620 39611460 25141560 24534380 23986930
1193 54710700 39611540 25141560 24534380 23986930
1194 54710700 39611540 25141560 24534380 23986930
1195 54710900 39611720 25141560 24534390 23986930
1196 54710920 39611720 25141570 24534390 23986930
1197 54710920 39611720 25141570 24534390 23986930
1198 54711190 39611960 25141580 24534400 23986940
1199 55011190 39612210 25141820 24534530 23987070
1200 55311190 39612280 25142030 24534610 23987140
1201 55317050 39612760 25143270 24534880 23987410
1202 55317050 39612770 25143270 24534880 23987410
1203 55617050 39626320 25219750 24557220 24000960
1204 55617070 39626340 25219750 24557220 24000960
1205 55619120 39628700 25220220 24557700 24001430
1206 55619120 39628710 25220220 24557700 24001430
1207 55619120 39628710 25220220 24557700 24001430
1208 55619120 39628710 25220220 24557700 24001430
1209 55919120 39629020 25221050 24557910 24001640
1210 55927630 39629110 25221130 24557960 24001690
1211 55927630 39629110 25221130 24557960 24001690
1212 55971230 39629210 25223410 24558240 24001790
1213 55971250 39629210 25223420 24558240 24001790
1214 55973380 39631300 25225170 24559960 24003510
1215 56273380 39931300 25225650 24560620 24003990
1216 56273390 39931310 25225650 24560620 24003990
1217 56273420 39931370 25225680 24560670 24004020
1218 56273420 39931370 25225680 24560670 24004020
1219 56273980 39931930 25225690 24560690 24004030
1220 56274330 39932230 25225700 24560700 24004040
1221 56274340 39932240 25225700 24560700 24004040
1222 56274360 39932240 25225710 24560700 24004040
1223 56274360 39932240 25225710 24560700 24004040
1224 56274360 39932240 25225710 24560700 24004040
1225 56274380 39932240 25225720 24560700 24004040
1226 56315020 40232240 25226030 24561500 24004350
1227 56315030 40232250 25226030 24561500 24004350
1228 56315040 40232260 25226030 24561500 24004350
1229 56315050 40232270 25226030 24561500 24004350
1230 56316670 40232410 25226240 24561810 24004490
1231 56316670 40232410 25226240 24561810 24004490
1232 56316800 40232540 25226240 24561810 24004490
1233 56316800 40232550 25226240 24561810 24004490
1234 56316820 40232560 25226240 24561810 24004490
1235 56316820 40232570 25226240 24561820 24004490
1236 56316820 40232570 25226240 24561820 24004490
1237 56616820 40235280 25226500 24562110 24004750
1238 56616820 40235280 25226500 24562110 24004750
1239 56618460 40236010 25226540 24562150 24004790
1240 56619810 40236550 25226650 24562300 24004900
1241 56619810 40236550 25226650 24562300 24004900
1242 56620120 40236800 25226650 24562310 24004900
1243 56620130 40236810 25226650 24562310 24004900
1244 56620160 40236840 25226650 24562310 24004900
1245 56620160 40236840 25226650 24562310 24004900
1246 56620160 40236850 25226650 24562310 24004900
1247 56620160 40236850 25226650 24562310 24004900
1248 56621030 40236900 25226790 24562380 24004950
1249 56621080 40236960 25226790 24562380 24004950
1250 56621130 40236970 25226820 24562560 24004960
1251 56622180 40238020 25226850 24562590 24004990
1252 56622180 40238020 25226850 24562590 24004990
1253 56622260 40238100 25226850 24562590 24004990
1254 56622280 40238120 25226850 24562590 24004990
1255 56623540 40238200 25226900 24562620 24005020
1256 56623850 40238450 25226910 24562630 24005030
1257 56624380 40238980 25226920 24562650 24005040
1258 56624380 40238980 25226920 24562650 24005040
1259 56730010 40244700 25239450 24569740 24010760
1260 56771520 40317180 25324460 24730960 24052270
1261 57071520 40321620 25329990 24735330 24056640
1262 57071520 40321620 25329990 24735330 24056640
1263 57071520 40321630 25329990 24735330 24056640
1264 57071540 40321630 25330000 24735330 24056640
1265 57071550 40321640 25330000 24735330 24056640
1266 57072060 40322130 25330020 24735350 24056660
1267 57072240 40322150 25330050 24735360 24056670
1268 57072240 40322160 25330050 24735360 24056670
1269 57072240 40322160 25330050 24735360 24056670
1270 57072310 40322230 25330050 24735360 24056670
1271 57073490 40322630 25330170 24735470 24056780
1272 57073490 40322630 25330170 24735470 24056780
1273 57073520 40322650 25330170 24735470 24056780
1274 57073540 40322650 25330180 24735470 24056780
1275 57073650 40322770 25330180 24735470 24056780
1276 57073650 40322780 25330180 24735480 24056780
1277 57074000 40322780 25330200 24735480 24056780
1278 57074000 40322780 25330200 24735480 24056780
1279 57074000 40322790 25330200 24735490 24056780
1280 57074020 40322800 25330200 24735490 24056780
1281 57074190 40322960 25330210 24735490 24056780
1282 57074290 40323120 25330420 24735720 24056880
1283 57374290 40623120 25630420 25035720 24356880
1284 57374300 40623120 25630430 25035720 24356880
1285 57374310 40623140 25630430 25035720 24356880
1286 57375940 40624760 25630460 25035760 24356910
1287 57375990 40624810 25630460 25035760 24356910
1288 57377040 40625860 25630500 25035800 24356950
1289 57377040 40625860 25630500 25035800 24356950
1290 57377060 40625880 25630500 25035800 24356950
1291 57384730 40626360 25630930 25036050 24357200
1292 57483620 40759190 25631350 25036520 24357620
