0 0
10 10
540 540
420 40
70 60
0 0
300000 300000
0 0
10 10
0 0
2480 240
0 10
0 0
300 320
0 0
20 20
1410 1440
0 0
340 270
300000 320
300000 300000
0 0
40 50
69810 1200
230 190
480 390
10 10
20 0
300000 300000
0 0
300000 300000
0 0
0 0
70 50
100 80
0 0
70 70
10 20
0 0
30 30
0 10
0 0
215030 62260
30 30
300000 207940
0 10
300000 300000
400 170
0 0
0 0
0 0
300000 48780
300000 300000
7780 810
350 290
300000 300000
10 10
300000 300000
700 880
380 0
10 10
0 0
0 0
20 0
0 10
100 40
20 20
320 0
60 50
130 50
0 0
300000 300000
10 10
110 30
20 60
20 0
0 0
0 0
680 580
190 180
520 510
234130 3780
92530 1720
0 0
20 0
25200 450
10 10
0 0
20 20
300000 300000
0 0
137770 1040
0 0
0 0
20 20
10 10
300000 300000
310 250
100 110
350 290
0 0
300000 300000
0 0
24520 550
240 240
300000 300000
0 0
20 20
0 0
80 60
0 0
20 0
1000 1370
0 0
0 0
490 410
0 0
0 0
0 0
0 0
0 0
0 0
20 0
0 0
0 0
90 90
300000 300000
0 0
300000 520
20 0
1090 1090
120 130
0 0
160 160
180 180
150 0
0 0
310 70
40 0
70 70
300000 300000
1700 2120
10 10
1430 420
63710 640
300000 6780
10 10
0 0
10 0
300000 300000
50 60
300000 9560
80 80
0 0
0 0
0 0
0 0
300000 300000
480 410
7420 66370
300000 70
670 150
7300 390
29530 130
240 210
0 0
0 0
0 0
0 0
3770 150
0 0
10 10
50 60
470 410
0 0
0 0
0 0
300000 300000
20 30
300000 30
70 10
90 80
0 0
300000 300000
0 10
0 0
210 210
300000 240
0 10
40 50
0 0
40 50
0 0
0 0
40 30
300000 300000
300000 90
340 210
300000 300000
540 540
0 0
140 120
10 10
0 10
300000 300000
570 110
300000 300000
20 0
0 0
160 0
450 490
0 0
0 0
380 310
0 0
0 0
0 0
0 0
104960 3240
3880 890
30 30
10 10
300000 300000
10 10
20 20
0 0
120 120
0 10
0 0
300000 300000
300000 300000
5980 130
40 40
10 10
40 50
10 10
2650 3970
4990 8270
1190 270
3540 30
20 0
0 0
0 0
20 20
0 0
0 0
300000 200
10 10
300000 300000
620 520
0 0
20 30
10 0
50 60
40 50
2200 150
0 10
300000 300000
56580 1380
30 30
80 50
300000 300000
0 10
12600 320
380 310
20 10
410 50
10 10
10 10
0 0
0 0
60 70
0 0
0 0
10 10
440 340
4270 0
10 0
0 0
16730 190
0 0
80 80
0 0
0 0
0 0
300000 300000
0 0
480 260
0 0
0 0
0 0
240 240
0 0
0 0
200 190
10 10
30 30
130 130
0 0
230 190
70 70
0 10
49260 30
0 0
300000 180
330 280
30 70
690 830
0 0
10 0
390 320
30 30
70 60
550 540
0 0
60 50
20 0
10 10
60 70
10 0
0 0
550 540
10 20
290 240
10 20
0 0
0 0
30 40
30 40
490 10
80 60
180 170
300000 640
0 0
600 560
0 0
50 60
30 20
880 190
100690 300000
0 0
20 30
60 60
52000 1000
0 0
40 50
300000 300000
530 530
60 60
0 0
11720 18900
120 120
0 0
20 10
380 310
20 0
70 0
10 10
56180 62530
560 220
30 0
300000 300000
0 0
0 0
300000 30
700 870
0 0
0 0
249220 9570
300000 370
64760 4320
10 10
0 0
156130 1770
20 10
0 0
0 0
0 0
300000 300000
80 60
0 0
300000 300000
390 390
0 10
0 10
0 0
22640 3650
10 20
300000 300000
0 0
200 180
70 50
300000 300000
130 120
70 70
0 0
19670 4320
300000 300000
230 220
30490 3090
50 70
19290 20
0 0
100 20
190 170
190 180
0 0
3050 20
840 110
300000 300000
0 10
20 0
0 0
0 0
300000 300000
790 41400
300000 42780
0 0
5150 5750
10 10
20 50
10 10
10 10
152990 150830
0 20
300000 300000
10 20
0 0
160 160
800 820
400 350
300000 300000
2850 100
0 0
0 0
110 90
90 90
0 10
180 170
0 0
210 210
10 10
0 0
300000 300000
10 10
300000 300000
0 0
300000 300000
120 100
540 540
300000 300000
0 0
100 10
300000 8660
300000 50
0 0
40 40
120 100
30 20
1080 1090
10 0
0 0
20 10
0 0
910 1220
300000 300000
0 0
130 130
0 0
30 30
10 10
180 160
0 0
0 10
30 40
300000 90
1910 180
40 0
590 130
0 0
0 0
250 220
300000 300000
10 10
300000 5810
20 0
0 0
300000 199540
450 150
0 0
0 0
0 0
30 70
0 0
162010 20
300000 750
300000 300000
2060 2640
20 0
10 10
20 0
20 70
490 410
0 0
300000 300000
2600 4790
20 0
10 10
350 30
0 0
930 530
300000 300000
0 0
140 120
0 0
340 280
0 0
1220 120
300000 300000
110 100
0 0
0 0
1040 1080
0 10
490 420
290 250
50 50
0 0
44620 770
300000 300000
60 60
60 0
10 0
260 240
40 40
10 10
310 250
20 10
300000 300000
300000 300000
10 10
300000 240280
30 40
2760 2800
50 0
0 0
20 0
56480 530
300000 300000
0 0
60 60
40 40
310 60
80 60
300000 300000
60 60
0 0
0 10
300000 300000
0 0
90 80
10 10
0 10
4580 2090
50 60
290 240
30 30
10 10
0 0
30 20
0 10
300000 300000
180 170
300000 190
300000 300000
210 30
10 10
300000 300000
0 0
0 0
0 10
300000 13620
0 0
10 10
300000 19550
0 0
1660 1640
0 0
0 0
40 50
5800 820
0 0
0 10
30 30
2690 2680
200 180
100 100
80 50
1630 1640
0 0
0 10
79990 480
200 210
30630 4740
0 0
0 0
10 10
20 10
0 0
300000 300000
250 210
10 10
190 180
81940 300000
0 0
300000 300000
110 100
0 0
0 0
20 20
1530 1630
0 0
350 290
2520 180
300000 300000
180 0
0 20
0 0
220 200
1160 1600
10 0
0 0
300000 300000
20 0
60 70
80 70
0 0
160 150
300000 300000
160 70
0 0
20 30
20 20
0 0
520 510
1060 1170
0 0
70 70
0 0
300000 300000
0 0
1070 2050
40 50
30 50
0 0
40 20
0 0
170 50
260 0
70 60
3370 170
100 100
30 30
300000 300000
0 0
400 10
7830 90
300000 300000
8330 20
50 60
300000 300000
270 230
0 0
10 10
300 250
20 20
520 510
90 0
8540 230
20 0
0 10
10 10
0 0
1080 1090
50 60
230 0
300000 8480
150 160
300000 18760
20 0
0 0
90 60
1800 350
300000 11470
130 130
540 510
570 550
0 0
300000 300000
20 0
20 0
0 0
20 10
18180 180
1090 1100
10 20
0 0
0 0
20 20
0 10
0 10
360 300
300000 300000
10 0
10 0
480 300
0 0
70 60
210 220
0 0
10 0
0 0
110 100
40 30
30 20
0 0
0 0
60 70
300000 300000
10 10
340 280
0 0
0 0
50 60
260 240
20 20
20 10
0 10
20 10
50 0
3790 990
710 870
2100 230
300000 300000
570 550
80 60
0 0
0 10
0 0
300000 300000
4540 5040
10 20
0 0
19750 400
21520 560
240 220
0 0
300000 300000
0 0
300000 300000
300000 300000
0 0
10 10
40 10
10 10
300000 300000
10 20
0 0
30 20
680 590
20 50
60 60
0 0
30 0
300000 16380
140 120
10 10
10 0
60 70
10 10
0 0
30 30
56910 10
0 0
20 20
0 0
0 0
300000 300000
130 120
300000 300000
300000 300000
300000 300000
30 30
10 30
270 240
0 0
230 190
0 0
980 1250
30 20
30 10
300000 20690
10 10
300000 770
0 0
0 0
0 10
6440 440
180 180
1670 1640
300000 300000
0 0
3000 150
210 190
10 10
10 10
10 10
300000 300000
60 60
100 100
10 10
300000 300000
110 90
1620 1610
300000 15100
180 170
0 0
60 10
10 10
0 0
300000 300000
10 10
460 380
10 10
1880 1310
830 980
10 10
1410 170
0 0
0 0
0 0
190 180
300000 300000
0 0
80 70
0 0
0 0
300000 300000
670 140
0 0
0 0
0 10
340 270
0 0
0 0
1170 470
0 0
0 0
300000 300000
0 10
180 180
0 0
5150 2170
80 60
20 0
300000 300000
300000 300000
0 0
0 0
50 60
10 10
10 10
56660 13010
0 0
0 0
0 0
220 190
680 850
300000 300000
10 20
10 0
0 0
110 0
70 70
0 0
570 560
20 10
300000 620
390 320
30 50
0 0
20 20
300000 300000
21710 400
80 60
16660 220
20 0
300000 5650
50 0
300000 300000
52330 300000
10 10
0 0
200 190
180 160
130 120
0 0
0 0
0 0
0 0
300000 300000
210 380
0 0
20 0
300000 300000
0 0
200 50
5720 3600
0 10
850 1150
12720 3520
200 180
0 0
7780 690
1620 1600
0 0
10 10
0 0
40 50
30 30
0 0
0 0
80 70
103610 2290
300000 300000
300000 300000
0 0
240 220
1640 1630
80 10
300000 300000
10 10
0 0
0 0
10 20
287140 30
40350 600
10 20
10 10
10 10
0 0
180 170
310 20
8800 9210
10 10
300000 300000
30 70
170 170
1430 1050
0 0
90 70
3750 5110
30 30
9590 8160
40 60
4930 1990
0 0
0 0
0 0
300000 60
0 0
10 10
300000 300000
0 0
194020 4080
0 0
60 0
300000 300000
300000 300000
370 40
10 10
220 190
300000 300000
0 0
120 100
0 0
0 0
470 420
300000 4010
40 50
100 80
10190 330
510 510
300000 8160
94690 450
20 0
300000 530
20 10
10 10
0 0
10 0
80 50
10 10
141530 10
60 70
20 10
0 0
90900 15390
10 10
300000 300000
10 20
0 0
300000 300000
0 0
0 0
300000 300000
80 80
0 0
0 10
300000 300000
0 0
20 0
300000 300000
0 0
0 0
0 0
10 0
540 530
1720 3140
20 0
0 0
0 10
160 10
80 70
10 10
0 0
10 20
10 10
80 70
510 490
70 20
8780 280
1010 1020
0 10
20 20
40 50
14550 15200
0 0
0 0
20 0
300000 300000
0 0
30 20
26920 1320
0 0
680 580
80 60
20 20
300000 300000
30 30
6630 200
1610 1430
10 0
90 80
20 0
290410 3700
470 400
300000 300000
0 0
10 20
105640 980
1050 1060
0 10
0 0
550 690
630 590
0 0
0 0
0 0
1860 1280
90 70
0 0
0 0
390 320
0 0
0 0
0 0
0 10
260 240
60 60
20 20
50 50
0 0
300000 2970
200 180
0 0
0 0
90 70
10 10
0 0
230 100
10 0
0 10
340 270
0 0
0 0
10 10
300000 25430
190 180
3270 3440
300000 200
1100 1110
20 10
0 0
0 0
300000 300000
10 10
10 10
130 30
100 40
22880 8620
0 10
11850 1960
480 480
6330 560
160 170
0 0
10 10
80 60
102540 101780
380 320
300000 300000
1510 1610
300000 11200
20 20
300000 300000
80 60
4910 50
300000 300000
0 0
0 0
0 0
215400 38450
80 0
90 100
1600 1610
0 0
300000 300000
50 60
20 10
50 70
260 70
0 0
170 170
1310 1490
20 0
40 60
300000 300000
30 30
0 0
20 20
330 160
80 70
270 240
310 220
10 10
300000 300000
0 10
300000 300000
390 320
220 210
30 50
210 190
480 470
300000 300000
0 0
210 0
230 240
300000 300000
70 60
20 10
0 0
510 0
0 0
10620 200
0 0
20 60
300000 300000
20 0
80 70
2750 690
510 510
80 80
0 0
200 180
20 0
0 0
270 240
300000 250
300000 70
5860 480
0 10
300000 13550
20 20
2050 2360
0 10
0 0
0 0
300000 310
8510 90
0 0
43600 100
20 0
2130 2090
300000 300000
10 10
30 60
0 0
560 560
350 300
10 10
20 0
0 0
0 0
20 0
40640 300000
10 10
10 10
10 10
1620 140
0 0
130 130
0 10
20 10
0 10
0 0
300000 2710
0 0
1640 730
1350 540
0 0
310 250
10 10
30 30
0 0
0 10
0 0
870 50
50 60
50 10
1050 1050
0 0
80 80
20 20
1260 80
310 250
530 530
0 0
105630 5720
41510 72480
300000 4440
0 0
0 10
20 0
10 10
510 490
180 20
0 10
0 0
70 70
1180 400
0 0
30 20
20 0
110 120
0 10
350 0
0 0
0 10
20 10
170 160
100 160
300000 300000
10 0
10 20
1630 1620
50 50
1050 1050
0 0
20 20
7670 480
98890 132830
