1 38 0 0
2 42 0 0
3 65 10 10
4 86 30 30
5 106 30 30
6 121 30 30
7 1699 580 580
8 1700 580 580
9 1703 580 580
10 1705 580 580
11 301705 700 700
12 301708 700 700
13 301723 700 700
14 601723 880 880
15 601854 880 880
16 601857 880 880
17 601880 920 903
18 601899 920 903
19 601976 930 913
20 901976 1100 1083
21 902048 321900 1155
22 902075 321900 1155
23 902100 321900 1155
24 902304 322580 1359
25 902332 322580 1359
26 902368 322610 1389
27 902393 322610 1389
28 902408 322610 1389
29 903275 622610 2256
30 903291 622610 2256
31 903377 623080 2342
32 903407 623080 2342
33 903417 623080 2342
34 903435 623080 2342
35 903448 623080 2342
36 903472 623080 2342
37 903488 623080 2342
38 903505 623080 2342
39 903513 623080 2342
40 903545 623080 2342
41 903580 623100 2362
42 903582 623100 2362
43 903630 623430 2410
44 1203630 623490 2470
45 1204974 625150 3814
46 1204989 625150 3814
47 1205786 925150 4611
48 1505786 925250 4711
49 1505799 925250 4711
50 1505806 925250 4711
51 1505809 925250 4711
52 1505848 926030 4750
53 1507000 1226030 5902
54 1507048 1226660 5950
55 1507080 1226670 5960
56 1672394 1229320 8610
57 1672400 1229320 8610
58 1972400 1529320 308610
59 1972427 1529340 308630
60 1972447 1529340 308630
61 1972450 1529340 308630
62 1972461 1529340 308630
63 1972481 1529340 308630
64 1972499 1529340 308630
65 1972517 1529340 308630
66 1972525 1529410 308638
67 1972537 1529410 308638
68 1972561 1529410 308638
69 1972581 1529410 308638
70 1972610 1529480 308667
71 1972631 1529480 308667
72 1973318 1829480 309354
73 1973327 1829480 309354
74 1973339 1829510 309366
75 1973345 1829560 309372
76 1973355 1829560 309372
77 1973379 1829560 309372
78 1973389 1829560 309372
79 1973396 1829570 309379
80 1973409 1829580 309389
81 1973426 1829600 309406
82 1974103 1832850 310083
83 1974343 1834270 310323
84 1974359 1834270 310323
85 1974379 1834270 310323
86 1974447 1835520 310391
87 1974475 1835520 310391
88 1974490 1835520 310391
89 1974525 1835520 310391
90 2274525 2135520 610391
91 2274541 2135520 610391
92 2275006 2137750 610856
93 2275008 2137750 610856
94 2275024 2137750 610856
95 2275027 2137750 610856
96 2275038 2137760 610866
97 2276585 2437760 612413
98 2276605 2437770 612423
99 2276653 2437770 612423
100 2276686 2437790 612443
101 2276697 2437790 612443
102 2277618 2737790 613364
103 2277629 2737790 613364
104 2277959 2738340 613694
105 2277983 2738350 613704
106 2294955 2750050 625404
107 2294977 2750050 625404
108 2294990 2750050 625404
109 2295004 2750050 625404
110 2295020 2750050 625404
111 2295039 2750050 625404
112 2295043 2750050 625404
113 2295112 2750450 625473
114 2295124 2750450 625473
115 2295126 2750450 625473
116 2295160 2750470 625493
117 2295177 2750470 625493
118 2295203 2750470 625493
119 2295214 2750470 625493
120 2295229 2750470 625493
121 2295231 2750470 625493
122 2295253 2750470 625493
123 2295267 2750470 625493
124 2295301 2750470 625493
125 2295313 2750470 625493
126 2295324 2750470 625493
127 2296210 3050470 626379
128 2296212 3050470 626379
129 2596212 3050760 626669
130 2596227 3050760 626669
131 2596260 3050800 626702
132 2596294 3050800 626702
133 2596324 3050800 626702
134 2596330 3050810 626708
135 2596337 3050810 626708
136 2596362 3050810 626708
137 2596373 3050810 626708
138 2896373 3050860 626758
139 2896495 3050860 626758
140 2896505 3050860 626758
141 2896720 3051430 626973
142 2896832 3051970 627085
143 2896848 3051970 627085
144 3196848 3052200 627315
145 3216387 3052920 628035
146 3217842 3060860 629490
147 3217851 3060860 629490
148 3217868 3060860 629490
149 3217871 3060860 629490
150 3218642 3360860 630261
151 3218667 3360860 630261
152 3221459 3375690 633053
153 3221483 3375690 633053
154 3221489 3375710 633059
155 3221510 3375710 633059
156 3221532 3375710 633059
157 3221552 3375710 633059
158 3222287 3675710 633794
159 3222312 3675730 633814
160 3222334 3675930 633836
161 3522334 3675970 633876
162 3522358 3676020 633900
163 3522438 3676210 633980
164 3522499 3676440 634041
165 3522521 3676450 634051
166 3522532 3676450 634051
167 3522548 3676450 634051
168 3522567 3676450 634051
169 3522579 3676450 634051
170 3522608 3676610 634080
171 3522612 3676610 634080
172 3522630 3676610 634080
173 3522647 3676610 634080
174 3522658 3676630 634091
175 3522680 3676630 634091
176 3522694 3676630 634091
177 3522709 3676630 634091
178 3523470 3976630 634852
179 3523484 3976630 634852
180 3823484 3976650 634872
181 4123484 3976660 634882
182 4123510 3976660 634882
183 4123533 3976660 634882
184 4124636 4276660 635985
185 4124685 4276670 635995
186 4124696 4276670 635995
187 4124721 4276670 635995
188 4424721 4276800 636125
189 4424731 4276810 636135
190 4424746 4276810 636135
191 4424766 4276810 636135
192 4424770 4276810 636135
193 4424781 4276810 636135
194 4424810 4276810 636135
195 4424823 4276810 636135
196 4426146 4576810 637458
197 4426174 4576860 637486
198 4426200 4577010 637512
199 4726200 4577580 638082
200 4726221 4577590 638092
201 4726231 4577590 638092
202 4726296 4577590 638092
203 4726308 4577590 638092
204 4726327 4577590 638092
205 4726453 4578690 638218
206 4726469 4578900 638234
207 4727020 4953680 638785
208 4727040 4953680 638785
209 4727060 4953680 638785
210 4727082 4953680 638785
211 5027082 4954770 639875
212 5027095 4954770 639875
213 5027108 4954770 639875
214 5027128 4954780 639885
215 5027166 4954790 639895
216 5027174 4954790 639895
217 5027220 4954790 639895
218 5027239 4954790 639895
219 5027934 4957320 640590
220 5327934 4957680 640950
221 5327948 4957680 640950
222 5327960 4957680 640950
223 5328031 5257680 641021
224 5328047 5257680 641021
225 5328078 5257680 641021
226 5328085 5257690 641028
227 5328103 5257690 641028
228 5328112 5257690 641028
229 5328125 5257690 641028
230 5628125 5259400 642738
231 5628770 5559400 643383
232 5628800 5559540 643413
233 5628817 5559540 643413
234 5628830 5559540 643413
235 5628847 5559540 643413
236 5628856 5559540 643413
237 5629879 5560250 644123
238 5733008 5560270 644143
239 5733034 5560500 644169
240 6033034 5560520 644189
241 6033042 5560520 644189
242 6033044 5560520 644189
243 6033062 5560520 644189
244 6033083 5560520 644189
245 6033101 5560520 644189
246 6033112 5560520 644189
247 6333112 5560650 644319
248 6333128 5560650 644319
249 6334156 5860650 645347
250 6634156 5861130 645827
251 6634179 5861130 645827
252 6634196 5861130 645827
253 6634216 5861130 645827
254 6634236 5861130 645827
255 6634260 5861130 645827
256 6634283 5861190 645850
257 6634318 5861190 645850
258 6635065 6161190 646597
259 6635411 6162500 646943
260 6635432 6162500 646943
261 6635452 6162510 646953
262 6935452 6462510 946953
263 6935454 6462510 946953
264 6935569 6462810 947068
265 6935587 6462820 947078
266 6935600 6462820 947078
267 6935671 6462940 947149
268 6935680 6462940 947149
269 6935704 6462940 947149
270 6935724 6462940 947149
271 6935737 6462940 947149
272 6935784 6462940 947149
273 6935790 6462940 947149
274 6935826 6462940 947149
275 6935848 6462940 947149
276 6935866 6463010 947167
277 6935906 6463020 947177
278 6935928 6463020 947177
279 6935961 6463020 947177
280 6936006 6463150 947222
281 6936021 6463150 947222
282 6936048 6463150 947222
283 6936069 6463150 947222
284 6936083 6463150 947222
285 6936092 6463150 947222
286 6936942 6763150 948072
287 6936951 6763150 948072
288 7236951 6763330 948252
289 7236963 6763330 948252
290 7236978 6763330 948252
291 7236987 6763330 948252
292 7237007 6763340 948262
293 7237023 6763340 948262
294 7237035 6763340 948262
295 7237048 6763350 948272
296 7237061 6763350 948272
297 7237070 6763350 948272
298 7237081 6763360 948282
299 7237095 6763360 948282
300 7237115 6763370 948292
301 7237134 6763370 948292
302 7237268 6763380 948302
303 7237284 6763400 948318
304 7237293 6763400 948318
305 7237374 6763660 948399
306 7237394 6763670 948409
307 7237423 6763720 948438
308 7237446 6763740 948458
309 7237468 6763750 948468
310 7237494 6763750 948468
311 7237505 6763760 948478
312 7237520 6763760 948478
313 7237526 6763760 948478
314 7237545 6763770 948488
315 7237568 6763770 948488
316 7237584 6763770 948488
317 7237594 6763770 948488
318 7237608 6763770 948488
319 7237635 6763770 948488
320 7237651 6763770 948488
321 7237658 6763770 948488
322 7237672 6763790 948502
323 7237686 6763790 948502
324 7237734 6763800 948512
325 7237769 6763800 948512
326 7237784 6763800 948512
327 7237794 6763810 948522
328 7237808 6763810 948522
329 7237836 6763810 948522
330 7237860 6763830 948542
331 7237873 6763830 948542
332 7237905 6763840 948552
333 7537905 6765170 949882
334 7537921 6765170 949882
335 7537940 6765190 949901
336 7537951 6765190 949901
337 7537964 6765190 949901
338 7537977 6765190 949901
339 7837977 6765340 950051
340 7841461 6780120 953535
341 7841483 6780130 953545
342 7841510 6780130 953545
343 7841527 6780130 953545
344 7841755 6780690 953773
345 7841759 6780690 953773
346 7841773 6780690 953773
347 7842152 6783580 954152
348 7842176 6783600 954172
349 7842190 6783600 954172
350 7842206 6783600 954172
351 7842306 6784010 954272
352 7842324 6784010 954272
353 7842345 6784010 954272
354 7842360 6784010 954272
355 7842372 6784020 954282
356 7842382 6784020 954282
357 7842391 6784030 954291
358 7842413 6784030 954291
359 7842486 6784420 954364
360 7842506 6784550 954384
361 7842522 6784560 954394
362 7842734 6785120 954606
363 7842760 6785120 954606
364 7842776 6785120 954606
365 8142776 6785150 954636
366 8142795 6785170 954655
367 8142818 6785170 954655
368 8142835 6785170 954655
369 8145246 6797240 957066
370 8145769 6797610 957436
371 8145896 6797910 957563
372 8145921 6797910 957563
373 8145936 6797910 957563
374 8146405 6799670 958032
375 8146414 6799670 958032
376 8146427 6799670 958032
377 8146478 6799670 958032
378 8146481 6799670 958032
379 8147225 7099670 958776
380 8147239 7099670 958776
381 8147246 7099670 958776
382 8147303 7103230 958833
383 8147333 7103250 958853
384 8147353 7103250 958853
385 8147369 7103250 958853
386 8147383 7103250 958853
387 8147506 7106980 958976
388 8147510 7106980 958976
389 8147537 7107080 959003
390 8147547 7107080 959003
391 8147564 7107080 959003
392 8147572 7107090 959011
393 8148435 7407090 959874
394 8148453 7407100 959884
395 8448453 7407170 959954
396 8448464 7407170 959954
397 8448698 7411780 960188
398 8449635 7417010 961125
399 8449665 7417020 961135
400 8452338 7421030 963808
401 8452348 7421030 963808
402 8452395 7421040 963818
403 8452419 7421040 963818
404 8452441 7421070 963840
405 8452452 7421080 963850
406 8452476 7421080 963850
407 8452481 7421080 963850
408 8452498 7421100 963867
409 8752498 7421150 963917
410 8753433 7721150 964852
411 8753445 7721170 964864
412 8753467 7721170 964864
413 8753470 7721170 964864
414 8753487 7721170 964864
415 8753564 7721840 964941
416 8753727 7721910 965011
417 8754060 7817860 965344
418 8754073 7817860 965344
419 8754178 7817990 965449
420 8754190 7817990 965449
421 9054190 7818060 965519
422 9054209 7818060 965519
423 9054227 7818060 965519
424 9054284 7818480 965576
425 9054287 7818500 965579
426 9054326 7818710 965618
427 9054346 7818710 965618
428 9054357 7818710 965618
429 9054382 7818710 965618
430 9054401 7818740 965637
431 9354401 7819200 966097
432 9355175 8119200 966871
433 9355200 8119310 966896
434 9355202 8119310 966896
435 9355220 8119310 966896
436 9355246 8119310 966896
437 9355270 8119320 966906
438 9355299 8119320 966906
439 9355320 8119330 966916
440 9355385 8119330 966916
441 9355409 8119340 966926
442 9355426 8119340 966926
443 9355459 8119340 966926
444 9355656 8120750 967123
445 9355670 8120750 967123
446 9355821 8122130 967274
447 9355826 8122130 967274
448 9356919 8422130 968367
449 9356931 8422130 968367
450 9356956 8422150 968387
451 9357627 8722150 969058
452 9357642 8722150 969058
453 9657642 8722160 969068
454 9659979 8733830 971405
455 9660180 8733870 971445
456 9660183 8733870 971445
457 9660199 8733870 971445
458 9660216 8733870 971445
459 9660238 8733870 971445
460 9660270 8733900 971475
461 9660281 8733900 971475
462 9660294 8733910 971485
463 9660303 8733910 971485
464 9660306 8733910 971485
465 9660355 8734250 971534
466 9960355 9034250 1271534
467 9960363 9034250 1271534
468 9960380 9034250 1271534
469 9960384 9034250 1271534
470 9960387 9034250 1271534
471 9960391 9034250 1271534
472 9960401 9034260 1271544
473 9960423 9034260 1271544
474 9960437 9034260 1271544
475 9960462 9034260 1271544
476 9960858 9034370 1271654
477 9960892 9034640 1271688
478 9960927 9034640 1271688
479 10260927 9034740 1271788
480 10260939 9034740 1271788
481 10260949 9034740 1271788
482 10260983 9034750 1271798
483 10263602 9334750 1274417
484 10263633 9334750 1274417
485 10264998 9340620 1275782
486 10265024 9340620 1275782
487 10265036 9340620 1275782
488 10265220 9345090 1275966
489 10565220 9345350 1276226
490 10565245 9345350 1276226
491 10565271 9345350 1276226
492 10565276 9345350 1276226
493 10565289 9345410 1276239
494 10565302 9345410 1276239
495 10565441 9345440 1276269
496 10865441 9345860 1276689
497 10866469 9645860 1277717
498 10866515 9646480 1277763
499 10866518 9646480 1277763
500 10866527 9646480 1277763
501 10866531 9646480 1277763
502 10866554 9646540 1277786
503 10866568 9646560 1277800
504 10866570 9646570 1277802
505 10866757 9648660 1277989
506 11166757 9656520 1285849
507 11167472 9656520 1285849
508 11167481 9656520 1285849
509 11167497 9656540 1285865
510 11167509 9656540 1285865
511 11467509 9657020 1286345
512 11468443 9957020 1287279
513 11468456 9957020 1287279
514 11468484 9957020 1287279
515 11468506 9957020 1287279
516 11468525 9957030 1287289
517 11468541 9957030 1287289
518 11468569 9957090 1287317
519 11705283 10257090 1524031
520 11705408 10257090 1524031
521 11705418 10257090 1524031
522 11705435 10257090 1524031
523 11705462 10257130 1524058
524 11705480 10257130 1524058
525 11705498 10257150 1524076
526 11705529 10257160 1524086
527 11705549 10257160 1524086
528 11705563 10257160 1524086
529 11705723 10257670 1524246
530 11706825 10557670 1525348
531 11706842 10557670 1525348
532 11706855 10557670 1525348
533 11706864 10557670 1525348
534 11706887 10557680 1525358
535 11706911 10557680 1525358
536 11707047 10557680 1525358
537 11707069 10557690 1525368
538 11707090 10557690 1525368
539 11707990 10857690 1526268
540 11708152 10858560 1526430
541 11708491 10858560 1526430
542 11709915 10877310 1527854
543 11709935 10877310 1527854
544 11709987 10877410 1527906
545 11710091 10877410 1527906
546 11710100 10877410 1527906
547 11710127 10877410 1527906
548 11710167 10878220 1527946
549 11710840 11178220 1528619
550 11710868 11178220 1528619
551 11710887 11178220 1528619
552 11710890 11178220 1528619
553 11710955 11178280 1528679
554 11711545 11178280 1528679
555 11712286 11478280 1529420
556 11712290 11478280 1529420
557 11712305 11478280 1529420
558 11712320 11478290 1529430
559 11713306 11778290 1530416
560 11713318 11778290 1530416
561 11713334 11778290 1530416
562 11713343 11778290 1530416
563 11713356 11778290 1530416
564 11713471 11780670 1530531
565 11713491 11780670 1530531
566 11713504 11780670 1530531
567 11713513 11780670 1530531
568 11713560 11780670 1530531
569 11713563 11780670 1530531
570 11713577 11780670 1530531
571 11713603 11780670 1530531
572 11714514 12080670 1531442
573 11714545 12080680 1531452
574 12014545 12080770 1531542
575 12015354 12380770 1532351
576 12015626 12380810 1532391
577 12015647 12380820 1532401
578 12315647 12680820 1832401
579 12316161 12680820 1832401
580 12316678 12680820 1832401
581 12316690 12680820 1832401
582 12316881 12682050 1832592
583 12316900 12682050 1832592
584 12316909 12682050 1832592
585 12317277 12682460 1832960
586 12317292 12682460 1832960
587 12317340 12682500 1833000
588 12317358 12682500 1833000
589 12317369 12682500 1833000
590 12317391 12682500 1833000
591 12317432 12682820 1833041
592 12317444 12682820 1833041
593 12317450 12682830 1833047
594 12317466 12682830 1833047
595 12317518 12683070 1833099
596 12317536 12683080 1833109
597 12317556 12683080 1833109
598 12317567 12683080 1833109
599 12317585 12683110 1833127
600 12317587 12683110 1833127
601 12317589 12683120 1833129
602 12317673 12683680 1833213
603 12317770 12683680 1833213
604 12318261 12689030 1833704
605 12318283 12689030 1833704
606 12318290 12689030 1833704
607 12318298 12689030 1833704
608 12391575 12689030 1833704
609 12391582 12689030 1833704
610 12392279 12989030 1834401
611 12392306 12989040 1834411
612 12392320 12989040 1834411
613 12392348 12989040 1834411
614 12692348 12989590 1834961
615 12692384 12989590 1834961
616 12694278 12989860 1835231
617 12694296 12989860 1835231
618 12694306 12989860 1835231
619 12694339 12989860 1835231
620 12694361 12989860 1835231
621 12694395 12989900 1835265
622 12694412 12989900 1835265
623 12694424 12989910 1835275
624 12694500 12989990 1835351
625 12695314 13289990 1836165
626 12695344 13289990 1836165
627 12695354 13290000 1836175
628 12695361 13290000 1836175
629 12695403 13290010 1836185
630 12695456 13290940 1836238
631 12695468 13290940 1836238
632 12695585 13290940 1836238
633 12696448 13590940 1837101
634 12696463 13590940 1837101
635 12696492 13590940 1837101
636 12696526 13590940 1837101
637 12696537 13590940 1837101
638 12696569 13590940 1837101
639 12697055 13592190 1837587
640 12997055 13592220 1837617
641 12997066 13592220 1837617
642 12997080 13592220 1837617
643 12997083 13592220 1837617
644 12997098 13592220 1837617
645 12997118 13592240 1837637
646 12997158 13592590 1837677
647 12997177 13592590 1837677
648 12997197 13592590 1837677
649 12997202 13592590 1837677
650 12997348 13593580 1837823
651 12997362 13593590 1837833
652 13297362 13597030 1841273
653 13297367 13597030 1841273
654 13297386 13597030 1841273
655 13297397 13597030 1841273
656 13297411 13597030 1841273
657 13297430 13597030 1841273
658 13297462 13597170 1841305
659 13297474 13597170 1841305
660 13297487 13597170 1841305
661 13297505 13597330 1841323
662 13297515 13597330 1841323
663 13297518 13597330 1841323
664 13297556 13597740 1841361
665 13297563 13597740 1841361
666 13297600 13597740 1841361
667 13297620 13597860 1841381
668 13597620 13897860 2141381
669 13897620 13897870 2141391
670 13897630 13897870 2141391
671 13898365 14197870 2142126
672 13898374 14197880 2142135
673 13898389 14197880 2142135
674 13898392 14197880 2142135
675 13898428 14197890 2142145
676 13898443 14197890 2142145
677 13898467 14197910 2142165
678 13898486 14197910 2142165
679 13898542 14198020 2142221
680 13898554 14198020 2142221
681 13898569 14198020 2142221
682 13898581 14198020 2142221
683 13898588 14198020 2142221
684 13898616 14198060 2142249
685 13898649 14198060 2142249
686 13898671 14198060 2142249
687 13903989 14211250 2147567
688 13903994 14211250 2147567
689 13910430 14247550 2154003
690 13910439 14247550 2154003
691 13910452 14247550 2154003
692 13910473 14247550 2154003
693 13910641 14247890 2154171
694 13920524 14267650 2164054
695 13920542 14267660 2164064
696 13920550 14267680 2164072
697 13920563 14267700 2164085
698 13920576 14267700 2164085
699 13921343 14567700 2164852
700 13921360 14567700 2164852
701 13921363 14567700 2164852
702 13921379 14567700 2164852
703 13921385 14567700 2164852
704 13921600 14567940 2165067
705 13921630 14567980 2165097
706 13921641 14567980 2165097
707 13921650 14567980 2165097
708 13921670 14567980 2165097
709 13921681 14567980 2165097
710 13921693 14567980 2165097
711 13921706 14567980 2165097
712 13921721 14568000 2165112
713 13921985 14570050 2165376
714 13921995 14570050 2165376
715 13922065 14570050 2165376
716 13922082 14570440 2165393
717 13922091 14570440 2165393
718 13922102 14570440 2165393
719 13922116 14570450 2165403
720 13922117 14570450 2165403
721 13922142 14570450 2165403
722 13922144 14570450 2165403
723 13922191 14570450 2165403
724 13922221 14570450 2165403
725 13922234 14570450 2165403
726 13922247 14570450 2165403
727 13922257 14570450 2165403
728 13922268 14570450 2165403
729 13923444 14870450 2166579
730 13923490 14870450 2166579
731 13923506 14870460 2166589
732 13923519 14870460 2166589
733 13923534 14870460 2166589
734 13923548 14870460 2166589
735 13923564 14870470 2166599
736 13923583 14870470 2166599
737 13923593 14870470 2166599
738 13923605 14870470 2166599
739 13923620 14870470 2166599
740 13923623 14870470 2166599
741 14223623 14871010 2167139
742 14523623 14873160 2169289
743 14823623 14873310 2169439
744 14824733 15173310 2170549
745 14824764 15173320 2170559
746 14824785 15173320 2170559
747 14824794 15173320 2170559
748 14824805 15173320 2170559
749 14824824 15173320 2170559
750 14825338 15175190 2171073
751 14825360 15175350 2171095
752 14825363 15175350 2171095
753 14825364 15175350 2171095
754 14829063 15175840 2171585
755 14829233 15176110 2171755
756 14829248 15176110 2171755
757 14829250 15176110 2171755
758 14830352 15476110 2172857
759 14830358 15476110 2172857
760 14830430 15476910 2172929
761 14831109 15776910 2173608
762 14831119 15776910 2173608
763 14831144 15776910 2173608
764 14831154 15776910 2173608
765 14831156 15776910 2173608
766 14832002 16076910 2174454
767 14832011 16076920 2174463
768 14832026 16076920 2174463
769 14832044 16076920 2174463
770 14832071 16076940 2174483
771 14832094 16077000 2174506
772 14832110 16077000 2174506
773 14832118 16077000 2174506
774 14832138 16077000 2174506
775 14837476 16109320 2179844
776 14837491 16109320 2179844
777 14837503 16109320 2179844
778 14837620 16109320 2179844
779 14837634 16109320 2179844
780 14837653 16109320 2179844
781 14837666 16109320 2179844
782 14837683 16109320 2179844
783 14837762 16109340 2179864
784 14837777 16109340 2179864
785 14837800 16109340 2179864
786 14837818 16109340 2179864
787 14837849 16109340 2179864
788 15137849 16113640 2184164
789 15137869 16113640 2184164
790 15437869 16113930 2184454
791 15438660 16413930 2185245
792 15439055 16416730 2185640
793 15439070 16416730 2185640
794 15439073 16416760 2185643
795 15439096 16416770 2185653
796 15439116 16416770 2185653
797 15439153 16416770 2185653
798 15439164 16416770 2185653
799 15439211 16417340 2185700
800 15439233 16417340 2185700
801 15481810 16417360 2185720
802 15486241 16452190 2190151
803 15486269 16452190 2190151
804 15786269 16452640 2190601
805 15786300 16452640 2190601
806 15786306 16452640 2190601
807 15786318 16452650 2190611
808 15786377 16453120 2190670
809 15786409 16453120 2190670
810 15786431 16453160 2190692
811 15788048 16753160 2192309
812 15788056 16753160 2192309
813 15788111 16753230 2192364
814 15788126 16753230 2192364
815 15788142 16753230 2192364
816 15788157 16753230 2192364
817 15788178 16753230 2192364
818 15789801 17053230 2193987
819 15789821 17053230 2193987
820 15789839 17053230 2193987
821 15789842 17053230 2193987
822 15810813 17353230 2214958
823 15810818 17353230 2214958
824 15810847 17353270 2214987
825 15816271 17381840 2220411
826 15816281 17381840 2220411
827 15816295 17381840 2220411
828 16055118 17381840 2220411
829 16055140 17381840 2220411
830 16055151 17381840 2220411
831 16056435 17681840 2221695
832 16056440 17681840 2221695
833 16056458 17681850 2221705
834 16056478 17681850 2221705
835 16056558 17682970 2221785
836 16056576 17682990 2221803
837 16056590 17682990 2221803
838 16056937 17683270 2222083
839 16056956 17683270 2222083
840 16057750 17683270 2222083
841 16057752 17683270 2222083
842 16057770 17683280 2222093
843 16057934 17683600 2222257
844 16058715 17683600 2222257
845 16058746 17683600 2222257
846 16058754 17683600 2222257
847 16058759 17683600 2222257
848 16059999 17983600 2223497
849 16060101 17983810 2223599
850 16060121 17983810 2223599
851 16060122 17983810 2223599
852 16060135 17983810 2223599
853 16060194 17983820 2223609
854 16060237 17983820 2223609
855 16060259 17983820 2223609
856 16360259 17984300 2224089
857 16360260 17984300 2224089
858 16360268 17984300 2224089
859 16363241 17986220 2226009
860 16363254 17986230 2226019
861 16363305 17986240 2226029
862 16363356 17986240 2226029
863 16363422 17986590 2226095
864 16363441 17986590 2226095
865 16363461 17986590 2226095
866 16364406 18286590 2227040
867 16664406 18586590 2527040
868 16664423 18586590 2527040
869 16664437 18586590 2527040
870 16664466 18586590 2527040
871 16664518 18586590 2527040
872 16664544 18586590 2527040
873 16664586 18587070 2527082
874 16664592 18587070 2527082
875 16664594 18587070 2527082
876 16664609 18587070 2527082
877 16664629 18587070 2527082
878 16664674 18587090 2527102
879 16664802 18587840 2527230
880 16664825 18587840 2527230
881 16664829 18587840 2527230
882 16664831 18587840 2527230
883 16665132 18587840 2527230
884 16665155 18587840 2527230
885 16665198 18587840 2527230
886 16665223 18587850 2527240
887 16665253 18587850 2527240
888 16665371 18588160 2527358
889 16665383 18588170 2527368
890 16665428 18588170 2527368
891 16665447 18588170 2527368
892 16665477 18588170 2527368
893 16666364 18888170 2528255
894 16666431 18888600 2528322
895 16666450 18888600 2528322
896 16666480 18888750 2528352
897 16666493 18888750 2528352
898 16668316 18895270 2530175
899 16668332 18895270 2530175
900 16669160 19195270 2531003
901 16669185 19195560 2531028
902 16669188 19195560 2531028
903 16669203 19195560 2531028
904 16669229 19195570 2531038
905 16669236 19195570 2531038
906 16669265 19195570 2531038
907 16669293 19195570 2531038
908 16669305 19195570 2531038
909 16669332 19195570 2531038
910 16669337 19195570 2531038
911 16669911 19197300 2531612
912 16969911 19197780 2532092
913 16969913 19197780 2532092
914 16969917 19197780 2532092
915 16970788 19497780 2532963
916 16970796 19497780 2532963
917 17270796 19497810 2532993
918 17271042 19499270 2533239
919 17271073 19499270 2533239
920 17271121 19499890 2533287
921 17271584 19500510 2533750
922 17271605 19500510 2533750
923 17271608 19500510 2533750
924 17571608 19500860 2534100
925 17571632 19500900 2534124
926 17571634 19500900 2534124
927 17574102 19500910 2534134
928 17574104 19500920 2534136
929 17574117 19500920 2534136
930 17574120 19500920 2534136
931 17574139 19500930 2534146
932 17574149 19500930 2534146
933 17574162 19500930 2534146
934 17574613 19502340 2534597
935 17575614 19802340 2535598
936 17577187 20102340 2537171
937 17577196 20102340 2537171
938 17577212 20102350 2537181
939 17577249 20102390 2537218
940 17877249 20102430 2537258
941 18177249 20402430 2837258
942 18177273 20402430 2837258
943 18177289 20402440 2837268
944 18177299 20402440 2837268
945 18177312 20402440 2837268
946 18177465 20402480 2837308
947 18177583 20402890 2837426
948 18177596 20402890 2837426
949 18177619 20402890 2837426
950 18177643 20402890 2837426
951 18177664 20402890 2837426
952 18177681 20402900 2837436
953 18177696 20402920 2837451
954 18177729 20403110 2837484
955 18177745 20403120 2837494
956 18477745 20403210 2837584
957 18477771 20403270 2837610
958 18477794 20403270 2837610
959 18777794 20404720 2839060
960 18777800 20404720 2839060
961 18777815 20404720 2839060
962 19077815 20416570 2850910
963 19077825 20416570 2850910
964 19078168 20416880 2851220
965 19078172 20416880 2851220
966 19378172 20417350 2851690
967 19378187 20417350 2851690
968 19378237 20417350 2851690
969 19378239 20417350 2851690
970 19378502 20417410 2851750
971 19378514 20417410 2851750
972 19378525 20417410 2851750
973 19378600 20417790 2851825
974 19378601 20417790 2851825
975 19381239 20421840 2854463
976 19381254 20421840 2854463
977 19381282 20421840 2854463
978 19383932 20426060 2857113
979 19384881 20726060 2858062
980 19384917 20726110 2858098
981 19384941 20726110 2858098
982 19384962 20726120 2858108
983 19387651 21026120 2860797
984 19387668 21026120 2860797
985 19387680 21026120 2860797
986 19387697 21026120 2860797
987 19387719 21026120 2860797
988 19387744 21026140 2860817
989 19388328 21028670 2861401
990 19388337 21028670 2861401
991 19388360 21028690 2861421
992 19388439 21028870 2861500
993 19388781 21028890 2861520
994 19392552 21039110 2865291
995 19392590 21039290 2865329
996 19392613 21039290 2865329
997 19692613 21039570 2865609
998 19692625 21039570 2865609
999 19692640 21039570 2865609
1000 19692646 21039570 2865609
1001 19692662 21039570 2865609
1002 19992662 21039650 2865689
1003 19992674 21039650 2865689
1004 20292674 21039660 2865699
1005 20292688 21039660 2865699
1006 20292699 21039660 2865699
1007 20292716 21039660 2865699
1008 20292919 21053290 2865902
1009 20292932 21053290 2865902
1010 20294820 21353290 2867790
1011 20294848 21353290 2867790
1012 20294876 21353290 2867790
1013 20295903 21653290 2868817
1014 20295920 21653290 2868817
1015 20295938 21653290 2868817
1016 20297473 21953290 2870352
1017 20297490 21953290 2870352
1018 20298974 21953290 2870352
1019 20298984 21953290 2870352
1020 20303483 22156860 2874851
1021 20303499 22156860 2874851
1022 20303532 22156860 2874851
1023 20603532 22158310 2876301
1024 20603571 22158310 2876301
1025 20603785 22158310 2876301
1026 20603978 22158310 2876301
1027 20604010 22158310 2876301
1028 20604043 22158330 2876321
1029 20904043 22163830 2881821
1030 20904051 22163830 2881821
1031 20904070 22163830 2881821
1032 20904094 22163840 2881831
1033 20904115 22163860 2881851
1034 20904133 22163860 2881851
1035 20904151 22163860 2881851
1036 20904163 22163870 2881861
1037 20904175 22163870 2881861
1038 20904193 22163870 2881861
1039 20904239 22163870 2881861
1040 20904262 22163890 2881881
1041 20904285 22163910 2881901
1042 20904352 22164050 2881968
1043 20904392 22164080 2881998
1044 20904400 22164080 2881998
1045 20904409 22164080 2881998
1046 20904427 22164080 2881998
1047 20904518 22164200 2882089
1048 20904533 22164200 2882089
1049 20904541 22164200 2882089
1050 20905953 22164200 2882089
1051 20906768 22464200 2882904
1052 20906780 22464200 2882904
1053 20909624 22464200 2882904
1054 20909800 22465020 2883080
1055 20909807 22465020 2883080
1056 20909833 22465040 2883100
1057 20909857 22465040 2883100
1058 20909862 22465040 2883100
1059 20910177 22466380 2883415
1060 20910200 22466380 2883415
1061 20910221 22466590 2883436
1062 20910250 22466630 2883465
1063 20910262 22466630 2883465
1064 20910282 22466630 2883465
1065 20910293 22466630 2883465
1066 20911087 22470090 2884259
1067 20911107 22470110 2884279
1068 20911479 22472210 2884651
1069 20911499 22472210 2884651
1070 20911520 22472210 2884651
1071 20911551 22472550 2884682
1072 20911584 22472590 2884715
1073 20911597 22472590 2884715
1074 20911618 22472590 2884715
1075 20911744 22472710 2884835
1076 20911756 22472730 2884847
1077 20911762 22472730 2884847
1078 20911771 22472730 2884847
1079 20911779 22472730 2884847
1080 21211779 22474570 2886687
1081 21211791 22474570 2886687
1082 21211811 22474570 2886687
1083 21211827 22474570 2886687
1084 21211849 22474580 2886697
1085 21211868 22474580 2886697
1086 21211876 22474580 2886697
1087 21211894 22474580 2886697
1088 21211904 22474580 2886697
1089 21211914 22474590 2886707
1090 21211922 22474590 2886707
1091 21211936 22474590 2886707
1092 21211941 22474590 2886707
1093 21211957 22474590 2886707
1094 21216709 22476800 2888917
1095 21216722 22476800 2888917
1096 21216732 22476810 2888927
1097 21216754 22476810 2888927
1098 21216769 22476810 2888927
1099 21216803 22476810 2888927
1100 21216863 22476820 2888937
1101 21216907 22476870 2888981
1102 21288777 22476870 2888981
1103 21288780 22476880 2888984
1104 21288796 22476900 2889000
1105 21288807 22476900 2889000
1106 21288812 22476910 2889005
1107 21288828 22476910 2889005
1108 21588828 22478240 2890335
1109 21588846 22478240 2890335
1110 21588884 22478360 2890373
1111 21888884 22478460 2890473
1112 21888895 22478490 2890484
1113 21888902 22478490 2890484
1114 21888916 22478490 2890484
1115 21888918 22478490 2890484
1116 21890214 22778490 2891780
1117 21890217 22778490 2891780
1118 21890236 22778500 2891790
1119 21890239 22778560 2891793
1120 21890257 22778620 2891811
1121 21890294 22782030 2891848
1122 21890373 22782030 2891848
1123 21890512 22782700 2891987
1124 21890519 22782730 2891994
1125 22190519 22783020 2892284
1126 22190537 22783020 2892284
1127 22190549 22783020 2892284
1128 22190560 22783020 2892284
1129 22190576 22783020 2892284
1130 22190631 22783890 2892339
1131 22190646 22783900 2892349
1132 22490646 22784100 2892549
1133 22490667 22784140 2892570
1134 22494058 22801080 2895961
1135 22494087 22801080 2895961
1136 22494220 22801420 2896094
1137 22494229 22801420 2896094
1138 22494257 22801860 2896122
1139 22495053 23101860 2896918
1140 22495068 23101860 2896918
1141 22495086 23101860 2896918
1142 22495104 23101860 2896918
1143 22495147 23102110 2896961
1144 22495155 23102110 2896961
1145 22495171 23102110 2896961
1146 22495194 23102140 2896984
1147 22495206 23102140 2896984
1148 22496135 23402140 2897913
1149 22496144 23402140 2897913
1150 22496152 23402140 2897913
1151 22496158 23402140 2897913
1152 22796158 23402240 2898013
1153 22796180 23402240 2898013
1154 22796186 23402250 2898019
1155 22796223 23402610 2898056
1156 22796237 23402610 2898056
1157 22796250 23402610 2898056
1158 22797262 23702610 2899068
1159 22797283 23702610 2899068
1160 22797285 23702620 2899070
1161 22797307 23702620 2899070
1162 23097307 23702760 2899210
1163 23097320 23702760 2899210
1164 23097325 23702760 2899210
1165 23097352 23702870 2899237
1166 23097368 23702870 2899237
1167 23098200 23726410 2900069
1168 23098212 23726410 2900069
1169 23098853 24026410 2900710
1170 23098866 24026430 2900723
1171 23098883 24026440 2900733
1172 23098907 24026440 2900733
1173 23098938 24026450 2900743
1174 23098947 24026470 2900752
1175 23099227 24028690 2901032
1176 23099240 24028690 2901032
1177 23099247 24028700 2901039
1178 23099305 24028710 2901049
1179 23100655 24328710 2902399
1180 23100679 24328710 2902399
1181 23100697 24328710 2902399
1182 23100710 24328710 2902399
1183 23100732 24328710 2902399
1184 23100743 24328710 2902399
1185 23100773 24329480 2902429
1186 23100786 24329480 2902429
1187 23100800 24329530 2902443
1188 23102543 24629530 2904186
1189 23102557 24629530 2904186
1190 23102570 24629530 2904186
1191 23110328 24629940 2904596
1192 23110351 24629960 2904616
1193 23110362 24629960 2904616
1194 23110382 24629960 2904616
1195 23110404 24629970 2904626
1196 23110409 24629970 2904626
1197 23110423 24629970 2904626
1198 23110438 24629980 2904636
1199 23410438 24630110 2904766
1200 23410875 24630190 2904846
1201 23710875 24630460 2905116
1202 23710878 24630460 2905116
1203 23714752 24652800 2908990
1204 23714759 24652800 2908990
1205 23714796 24653280 2909027
1206 23714811 24653280 2909027
1207 23714822 24653280 2909027
1208 23714824 24653280 2909027
1209 24014824 24653490 2909237
1210 24314824 24653540 2909287
1211 24314841 24653540 2909287
1212 24314882 24653820 2909328
1213 24314901 24653820 2909328
1214 24614901 24655540 2911048
1215 24617623 24656200 2911708
1216 24617635 24656200 2911708
1217 24617656 24656250 2911729
1218 24617666 24656250 2911729
1219 24617675 24656270 2911738
1220 24617682 24656280 2911745
1221 24617698 24656280 2911745
1222 24617702 24656280 2911745
1223 24617710 24656280 2911745
1224 24617954 24656280 2911745
1225 24617988 24656280 2911745
1226 24618109 24657080 2911866
1227 24618116 24657080 2911866
1228 24618125 24657080 2911866
1229 24618140 24657080 2911866
1230 24618162 24657390 2911888
1231 24618171 24657390 2911888
1232 24618188 24657390 2911888
1233 24618197 24657390 2911888
1234 24618212 24657390 2911888
1235 24618229 24657400 2911898
1236 24618261 24657400 2911898
1237 24619517 24657690 2912188
1238 24619527 24657690 2912188
1239 24619561 24657730 2912222
1240 24619596 24657880 2912257
1241 24619606 24657880 2912257
1242 24619626 24657890 2912267
1243 24619659 24657890 2912267
1244 24619688 24657890 2912267
1245 24619701 24657890 2912267
1246 24619718 24657890 2912267
1247 24619730 24657890 2912267
1248 24619769 24657960 2912306
1249 24619786 24657960 2912306
1250 24619810 24658140 2912330
1251 24619838 24658170 2912358
1252 24619847 24658170 2912358
1253 24620129 24658170 2912358
1254 24620410 24658170 2912358
1255 24620428 24658200 2912376
1256 24620442 24658210 2912386
1257 24620474 24658230 2912406
1258 24620494 24658230 2912406
1259 24621533 24665320 2913445
1260 24921533 24826540 3074665
1261 24921626 24830910 3074758
1262 24921630 24830910 3074758
1263 24921642 24830910 3074758
1264 24921673 24830910 3074758
1265 24921680 24830910 3074758
1266 24921710 24830930 3074778
1267 25221710 24830940 3074788
1268 25221737 24830940 3074788
1269 25221766 24830940 3074788
1270 25221782 24830940 3074788
1271 25221820 24831050 3074826
1272 25221832 24831050 3074826
1273 25221846 24831050 3074826
1274 25221854 24831050 3074826
1275 25221869 24831050 3074826
1276 25221903 24831060 3074836
1277 25221941 24831060 3074836
1278 25221967 24831060 3074836
1279 25221989 24831070 3074846
1280 25221996 24831070 3074846
1281 25222019 24831070 3074846
1282 25522019 24831300 3075076
1283 25522873 25131300 3075930
1284 25522880 25131300 3075930
1285 25522895 25131300 3075930
1286 25522920 25131340 3075955
1287 25522939 25131340 3075955
1288 25522974 25131380 3075990
1289 25523091 25131380 3075990
1290 25523110 25131380 3075990
1291 25523181 25131630 3076061
1292 25523205 25132100 3076085
