0 0
10 0
540 20
40 220
60 0
0 0
300000 660
0 0
10 0
0 0
240 410
10 0
0 0
320 290
0 0
20 0
1440 30
0 0
270 10
320 870
300000 235310
0 0
50 0
1200 1620
190 0
390 20
10 0
0 10
300000 300000
0 0
300000 370
0 0
0 0
50 0
80 0
0 0
70 0
20 0
0 0
30 0
10 0
0 0
62260 320
30 50
207940 1510
10 0
300000 300000
170 160
0 0
0 0
0 0
48780 640
300000 300000
810 630
290 10
300000 2450
10 0
300000 300000
880 20
0 20
10 0
0 0
0 0
0 10
10 0
40 70
20 0
0 10
50 0
50 80
0 0
300000 300000
10 0
30 50
60 20
0 10
0 0
0 0
580 20
180 0
510 10
3780 4370
1720 2350
0 0
0 10
450 3510
10 0
0 0
20 0
300000 300000
0 0
1040 5090
0 0
0 0
20 0
10 10
300000 300000
250 10
110 0
290 10
0 0
300000 300000
0 0
550 1140
240 0
300000 11820
0 0
20 0
0 0
60 0
0 0
0 10
1370 390
0 0
0 0
410 20
0 0
0 10
0 0
0 0
0 0
0 0
0 10
0 10
0 0
90 0
300000 300000
0 0
520 400
0 10
1090 30
130 0
0 0
160 0
180 0
0 10
0 0
70 30
0 0
70 0
300000 510
2120 770
10 0
420 750
640 1520
6780 24080
10 0
0 0
0 0
300000 300000
60 0
9560 45570
80 0
0 10
0 0
0 0
0 0
300000 300000
410 10
66370 200
70 90
150 70
390 560
130 250
210 0
0 0
0 0
0 0
0 0
150 710
0 0
10 0
60 0
410 20
0 0
0 0
0 0
300000 300000
30 0
30 60
10 10
80 0
0 0
300000 300000
10 0
0 0
210 10
240 290
10 0
50 0
0 0
50 0
0 0
0 0
30 0
300000 300000
90 180
210 320
300000 480
540 10
0 0
120 0
10 0
10 0
300000 1080
110 370
300000 300000
0 10
0 0
0 0
490 840
0 0
0 0
310 10
0 0
0 0
0 0
0 0
3240 6570
890 650
30 0
10 0
300000 4990
10 0
20 0
0 0
120 0
10 0
0 0
300000 2010
300000 300000
130 150
40 0
10 0
50 0
10 0
3970 950
8270 20
270 310
30 30
0 10
0 0
0 0
20 0
0 0
0 0
200 460
10 0
300000 300000
520 500
0 0
30 0
0 0
60 0
50 0
150 100
10 0
300000 300000
1380 2530
30 0
50 40
300000 300000
10 0
320 920
310 10
10 10
50 480
10 0
10 0
0 0
0 0
70 0
0 0
0 0
10 0
340 50
0 30
0 10
0 0
190 300000
0 0
80 0
0 0
0 0
0 0
300000 300000
0 0
260 140
0 0
0 0
0 0
240 10
0 0
0 0
190 0
10 0
30 0
130 0
0 0
190 10
70 0
10 0
30 200
0 0
180 730
280 10
70 20
830 20
0 0
0 0
320 10
30 0
60 0
540 20
0 0
50 0
0 10
10 0
70 0
0 0
0 0
540 20
20 0
240 10
20 0
0 0
0 0
40 0
40 0
10 20
60 0
170 0
640 1280
0 0
560 20
0 0
60 0
20 0
190 90
300000 15310
0 0
30 0
60 0
1000 1390
0 0
50 0
300000 4010
530 10
60 0
0 0
18900 390
120 0
0 0
10 0
310 0
0 0
0 10
10 0
62530 320
220 310
0 10
300000 570
0 0
0 0
30 110
870 30
0 0
0 0
9570 28610
370 420
4320 380
10 0
0 0
1770 3710
10 0
0 0
0 0
0 0
300000 300000
60 0
0 0
300000 4630
390 20
10 0
10 0
0 0
3650 3680
20 0
300000 120
0 0
180 0
50 10
300000 300000
120 0
70 70
0 0
4320 5350
300000 5710
220 0
3090 2000
70 0
20 40
0 0
20 40
170 10
180 10
0 0
20 90
110 320
300000 300000
10 0
0 10
0 0
0 0
300000 560
41400 60
42780 195030
0 0
5750 110
10 0
50 60
10 0
10 0
150830 400
20 0
300000 130
20 0
0 0
160 0
820 30
350 400
300000 300000
100 570
0 0
0 0
90 0
90 0
10 0
170 0
0 0
210 10
10 0
0 10
300000 1600
10 0
300000 860
0 0
300000 300000
100 0
540 10
300000 300000
0 0
10 40
8660 18800
50 140
0 0
40 0
100 0
20 0
1090 30
0 0
0 0
10 0
0 0
1220 440
300000 300000
0 0
130 0
0 0
30 0
10 0
160 0
0 0
10 0
40 0
90 300
180 1210
0 10
130 260
0 0
0 0
220 10
300000 300000
10 0
5810 11590
0 0
0 0
199540 4760
150 220
0 0
0 0
0 0
70 30
0 10
20 110
750 1780
300000 300000
2640 620
0 0
10 0
0 10
70 20
410 10
0 0
300000 1770
4790 4670
0 10
10 0
30 30
0 0
530 280
300000 300000
0 0
120 0
0 0
280 10
0 0
120 70
300000 300000
100 0
0 0
0 0
1080 30
10 0
420 20
250 10
50 0
0 0
770 890
300000 300000
60 0
0 0
0 10
240 10
40 30
10 0
250 10
10 0
300000 300000
300000 870
10 0
240280 22940
40 0
2800 90
0 0
0 0
0 20
530 680
300000 300000
0 0
60 0
40 0
60 80
60 0
300000 300000
60 0
0 0
10 0
300000 300000
0 0
80 0
10 0
10 0
2090 2380
60 0
240 10
30 0
10 0
0 0
20 0
10 0
300000 300000
170 0
190 220
300000 300000
30 90
10 10
300000 300000
0 0
0 0
10 0
13620 1770
0 0
10 0
19550 280
0 0
1640 40
0 0
0 0
50 0
820 340
0 0
10 0
30 0
2680 210
180 0
100 0
50 0
1640 40
0 0
10 0
480 980
210 0
4740 6940
0 0
0 0
10 0
10 10
0 0
300000 300000
210 10
10 0
180 10
300000 1580
0 0
300000 320
100 0
0 0
0 0
20 0
1630 40
0 0
290 10
180 240
300000 300000
0 0
20 0
0 0
200 10
1600 820
0 0
0 0
300000 300000
0 20
70 0
70 0
0 0
150 0
300000 1030
70 100
0 0
30 0
20 0
0 0
510 10
1170 420
0 0
70 0
0 0
300000 870
0 10
2050 1840
50 0
50 0
0 0
20 0
0 0
50 70
0 10
60 0
170 330
100 0
30 0
300000 490
0 0
10 30
90 110
300000 300000
20 30
60 0
300000 300000
230 10
0 0
10 0
250 0
20 0
510 10
0 10
230 170
0 10
10 0
10 0
0 0
1090 30
60 0
0 20
8480 21030
160 10
18760 72140
0 10
0 0
60 0
350 450
11470 57380
130 0
510 10
550 20
0 0
300000 300000
0 10
0 0
0 0
10 0
180 430
1100 30
20 0
0 0
0 0
20 0
10 0
10 0
300 10
300000 1640
0 0
0 0
300 450
0 0
60 0
220 10
0 0
0 0
0 0
100 0
30 10
20 0
0 0
0 0
70 0
300000 300000
10 0
280 10
0 0
0 0
60 0
240 10
20 0
10 10
10 0
10 0
0 0
990 1170
870 1320
230 930
300000 300000
550 20
60 0
0 0
10 0
0 0
300000 1800
5040 120
20 0
0 0
400 1030
560 640
220 0
0 0
300000 300000
0 0
300000 800
300000 300000
0 0
10 0
10 10
10 0
300000 300000
20 10
0 0
20 0
590 10
50 20
60 0
0 0
0 10
16380 129800
120 0
10 0
0 0
70 0
10 0
0 0
30 0
10 80
0 0
20 0
0 0
0 0
300000 4020
120 10
300000 370
300000 300000
300000 2740
30 0
30 10
240 10
0 0
190 10
0 0
1250 510
20 0
10 20
20690 66520
10 0
770 810
0 0
0 0
10 0
440 1420
180 0
1640 40
300000 300000
0 0
150 110
190 0
10 0
10 0
10 0
300000 300000
60 0
100 0
10 0
300000 300000
90 0
1610 40
15100 94890
170 0
0 0
10 30
10 0
0 0
300000 300000
10 0
380 10
10 0
1310 1090
980 20
10 0
170 420
0 0
0 0
0 0
180 10
300000 290
0 0
70 0
0 0
0 0
300000 300000
140 190
0 0
0 0
10 0
270 10
0 0
0 0
470 610
0 0
0 0
300000 1720
10 0
180 0
0 0
2170 450
60 0
0 10
300000 300000
300000 300000
0 0
0 0
60 0
10 0
10 0
13010 730
0 0
0 0
0 0
190 0
850 20
300000 620
20 0
0 0
0 0
0 0
70 0
0 0
560 10
10 0
620 5100
320 10
50 0
0 0
20 0
300000 300000
400 620
60 0
220 1130
0 20
5650 11900
0 0
300000 300000
300000 700
10 0
0 0
190 10
160 0
120 10
0 0
0 0
0 0
0 0
300000 2010
380 460
0 0
0 10
300000 300000
0 0
50 60
3600 1620
10 0
1150 760
3520 1530
180 0
0 0
690 2110
1600 40
0 0
10 0
0 0
50 0
30 0
0 0
0 0
70 0
2290 4530
300000 300000
300000 300000
0 0
220 10
1630 30
10 50
300000 300000
10 0
0 0
0 0
20 0
30 110
600 660
20 0
10 0
10 0
0 0
170 0
20 50
9210 150
10 10
300000 90
70 20
170 0
1050 1470
0 0
70 0
5110 6930
30 0
8160 400
60 0
1990 520
0 0
0 0
0 0
60 200
0 0
10 0
300000 380
0 0
4080 13360
0 0
0 0
300000 3300
300000 300000
40 430
10 0
190 0
300000 300000
0 0
100 0
0 0
0 0
420 20
4010 5570
50 0
80 40
330 400
510 10
8160 16940
450 1030
0 10
530 600
10 0
10 0
0 0
0 0
50 60
10 0
10 10
70 0
10 0
0 0
15390 20010
10 0
300000 300000
20 0
0 0
300000 300000
0 0
0 0
300000 300000
80 0
0 0
10 0
300000 300000
0 0
0 10
300000 1780
0 0
0 0
0 0
0 0
530 20
3140 3090
0 20
0 0
10 10
10 20
70 0
10 0
0 0
20 0
10 0
70 0
490 20
20 20
280 220
1020 30
10 0
20 0
50 0
15200 110
0 0
0 0
0 0
300000 300000
0 0
20 10
1320 1140
0 0
580 10
60 0
20 0
300000 1790
30 0
200 200
1430 40
0 0
80 0
0 10
3700 7800
400 20
300000 1740
0 0
20 0
980 210
1060 30
10 0
0 0
690 110
590 20
0 0
0 0
0 0
1280 1410
70 0
0 0
0 0
320 0
0 0
0 0
0 0
10 0
240 10
60 0
20 0
50 0
0 0
2970 5990
180 0
0 0
0 0
70 0
10 0
0 10
100 60
0 0
10 0
270 20
0 0
0 0
10 0
25430 1300
180 0
3440 130
200 260
1110 30
10 0
0 0
0 0
300000 300000
10 0
10 10
30 60
40 200
8620 2860
10 0
1960 1030
480 10
560 1650
170 0
0 0
10 0
60 0
101780 720
320 10
300000 260
1610 40
11200 52220
20 0
300000 370
60 0
50 490
300000 300000
0 0
0 0
0 0
38450 200
0 0
100 0
1610 40
0 0
300000 300000
60 0
10 0
70 0
70 100
0 0
170 0
1490 500
0 10
60 0
300000 300000
30 0
0 0
20 0
160 160
70 0
240 10
220 120
10 0
300000 24670
10 0
300000 300000
320 10
210 0
50 0
190 10
470 10
300000 1890
0 0
0 10
240 10
300000 300000
60 0
10 20
0 0
0 10
0 0
200 840
0 0
60 20
300000 300000
0 10
70 0
690 680
510 10
80 0
0 0
180 0
0 10
0 0
240 10
250 240
70 210
480 1240
10 0
13550 76480
20 0
2360 470
10 0
0 0
0 0
310 830
90 80
0 0
100 2280
0 10
2090 1750
300000 480
10 0
60 30
0 0
560 10
300 10
10 0
0 10
0 0
0 0
0 10
300000 310
10 0
10 0
10 0
140 210
0 0
130 0
10 0
10 0
10 0
0 0
2710 260
0 0
730 40
540 110
0 0
250 0
10 0
30 0
0 0
10 0
0 0
50 140
60 0
10 30
1050 30
0 0
80 0
20 0
80 50
250 10
530 10
0 0
5720 12530
72480 85010
4440 5530
0 0
10 0
0 10
10 0
490 20
20 30
10 0
0 0
70 0
400 120
0 0
20 0
0 10
120 0
10 0
0 20
0 0
10 0
10 0
160 10
160 210
300000 300000
0 10
20 0
1620 30
50 0
1050 40
0 0
20 0
480 430
132830 420
