0 0
0 0
20 10
220 20
0 0
0 0
660 550
0 0
0 0
0 0
410 120
0 0
0 0
290 180
0 0
0 0
30 40
0 0
10 10
870 170
235310 300000
0 0
0 0
1620 680
0 0
20 30
0 0
10 0
300000 300000
0 0
370 470
0 0
0 0
0 0
0 0
0 0
0 0
0 0
0 0
0 0
0 20
0 0
320 330
50 60
1510 1660
0 0
300000 300000
160 100
0 0
0 0
0 0
640 780
300000 300000
630 630
10 10
2450 2650
0 0
300000 300000
20 20
20 0
0 0
0 0
0 0
10 0
0 0
70 70
0 0
10 0
0 0
80 70
0 0
300000 300000
0 0
50 30
20 50
10 0
0 0
0 0
20 10
0 10
10 20
4370 3250
2350 1420
0 0
10 0
3510 1250
0 0
0 0
0 0
300000 300000
0 0
5090 2230
0 0
0 0
0 0
10 10
300000 300000
10 10
0 0
10 20
0 0
300000 300000
0 0
1140 550
0 10
11820 11700
0 0
0 0
0 0
0 0
0 0
10 0
390 400
0 0
0 0
20 20
0 0
10 0
0 0
0 0
0 0
0 0
10 0
10 0
0 0
0 0
300000 300000
0 0
400 290
10 0
30 40
0 0
0 0
0 10
0 0
10 0
0 0
30 50
0 0
0 0
510 570
770 540
0 0
750 230
1520 720
24080 7940
0 0
0 0
0 0
300000 300000
0 0
45570 14830
0 0
10 20
0 0
0 0
0 0
300000 300000
10 20
200 200
90 40
70 50
560 190
250 230
0 10
0 0
0 0
0 0
0 0
710 160
0 0
0 0
0 0
20 20
0 0
0 0
0 0
300000 300000
0 0
60 20
10 10
0 0
0 0
300000 300000
0 10
0 0
10 0
290 130
0 10
0 0
0 0
0 0
0 0
0 0
0 0
300000 300000
180 50
320 150
480 570
10 10
0 0
0 0
0 0
0 0
1080 1100
370 210
300000 300000
10 0
0 0
0 0
840 1090
0 0
0 0
10 10
0 10
0 0
0 0
0 0
6570 2530
650 360
0 0
0 0
4990 300000
0 0
0 0
0 10
0 0
0 0
0 0
2010 1710
300000 300000
150 140
0 0
0 0
0 0
0 0
950 710
20 20
310 230
30 20
10 0
0 0
0 0
0 0
0 0
0 0
460 130
0 0
300000 300000
500 480
0 0
0 0
0 0
0 0
0 0
100 60
0 0
300000 300000
2530 1310
0 0
40 10
300000 300000
0 0
920 300
10 10
10 0
480 120
0 0
0 0
0 0
0 0
0 0
0 0
0 0
0 0
50 70
30 10
10 0
0 0
300000 130
0 0
0 0
0 0
0 0
0 0
300000 300000
0 0
140 180
0 0
0 0
0 0
10 10
0 0
0 0
0 10
0 0
0 0
0 10
0 0
10 10
0 0
0 10
200 20
0 0
730 260
10 10
20 50
20 20
0 10
0 0
10 10
0 0
0 0
20 10
0 0
0 0
10 0
0 0
0 0
0 0
0 0
20 20
0 0
10 10
0 0
0 0
0 10
0 0
0 0
20 20
0 0
0 10
1280 1330
0 0
20 20
0 0
0 0
0 0
90 150
15310 14780
0 10
0 0
0 0
1390 560
0 0
0 0
4010 2890
10 20
0 0
0 0
390 410
0 0
0 0
0 0
0 10
0 0
10 10
0 0
320 390
310 130
10 10
570 560
0 0
0 0
110 30
30 20
0 0
0 0
28610 12070
420 370
380 300
0 0
0 0
3710 1760
0 0
0 0
0 0
0 0
300000 300000
0 0
0 0
4630 3560
20 20
0 0
0 0
0 0
3680 3730
0 0
120 100
0 0
0 0
10 10
300000 300000
0 10
70 70
0 0
5350 4610
5710 5230
0 10
2000 4010
0 0
40 10
0 0
40 30
10 10
10 0
0 0
90 20
320 50
300000 300000
0 20
10 0
0 0
0 0
560 670
60 70
195030 95950
0 0
110 130
0 0
60 70
0 0
0 0
400 420
0 20
130 210
0 0
0 0
0 0
30 30
400 460
300000 300000
570 110
0 0
0 0
0 0
0 10
0 0
0 10
0 0
10 10
0 0
10 0
1600 1410
0 0
860 1380
0 0
300000 300000
0 0
10 20
300000 300000
0 0
40 10
18800 11670
140 40
0 0
0 0
0 0
0 0
30 30
0 0
0 10
0 0
0 0
440 340
300000 300000
0 0
0 0
0 0
0 0
0 0
0 10
0 0
0 0
0 0
300 110
1210 270
10 0
260 100
0 0
0 0
10 10
300000 300000
0 0
11590 5870
0 0
0 0
4760 4470
220 260
0 0
0 0
0 0
30 60
10 0
110 30
1780 420
300000 300000
620 620
0 0
0 0
10 0
20 60
10 20
0 10
1770 2090
4670 7860
10 0
0 0
30 20
0 0
280 480
300000 300000
0 0
0 0
0 0
10 10
0 0
70 60
300000 300000
0 0
0 0
0 0
30 40
0 0
20 20
10 10
0 0
0 0
890 510
300000 300000
0 0
0 0
10 0
10 10
30 0
0 0
10 10
0 0
300000 300000
870 870
0 0
22940 18750
0 0
90 100
0 0
0 0
20 0
680 810
300000 300000
0 0
0 0
0 0
80 60
0 0
300000 300000
0 0
0 0
0 10
300000 300000
0 0
0 0
0 0
0 0
2380 2380
0 0
10 0
0 0
0 0
0 0
0 0
0 0
300000 300000
0 10
220 90
300000 300000
90 40
10 10
300000 300000
0 0
0 0
0 0
1770 1230
0 0
0 0
280 410
0 0
40 40
0 0
0 0
0 0
340 320
0 0
0 10
0 0
210 240
0 10
0 0
0 0
40 30
0 0
0 10
980 560
0 0
6940 5350
0 0
0 0
0 0
10 0
0 0
300000 300000
10 10
0 0
10 0
1580 550
0 0
320 270
0 0
0 0
0 0
0 0
40 40
0 0
10 10
240 80
300000 300000
0 0
0 10
0 0
10 10
820 930
0 0
0 0
300000 300000
20 0
0 0
0 0
0 0
0 0
1030 1250
100 30
0 0
0 0
0 0
0 0
10 20
420 350
0 0
0 0
0 0
870 990
10 10
1840 3440
0 0
0 0
0 0
0 0
0 0
70 140
10 0
0 0
330 160
0 0
0 0
490 410
0 0
30 0
110 120
300000 300000
30 10
0 0
300000 300000
10 10
0 0
0 0
0 10
0 0
10 20
10 0
170 110
10 0
0 0
0 0
0 0
30 40
0 0
20 0
21030 13190
10 0
72140 36300
10 0
0 0
0 0
450 340
57380 19760
0 10
10 20
20 20
0 0
300000 300000
10 0
0 0
0 0
0 0
430 240
30 40
0 0
0 0
0 0
0 0
0 0
0 0
10 20
1640 2050
0 0
0 0
450 390
0 0
0 0
10 10
0 0
0 0
0 0
0 0
10 0
0 0
0 0
0 0
0 0
300000 300000
0 0
10 10
0 0
0 0
0 0
10 10
0 0
10 0
0 0
0 0
0 0
1170 540
1320 2150
930 150
300000 300000
20 10
0 0
0 0
0 0
0 0
1800 1870
120 160
0 0
0 0
1030 490
640 270
0 0
0 0
300000 300000
0 0
800 800
300000 300000
0 0
0 0
10 0
0 0
300000 300000
10 10
0 0
0 0
10 20
20 60
0 0
0 0
10 0
129800 32320
0 0
0 0
0 0
0 0
0 0
0 0
0 0
80 20
0 0
0 0
0 0
0 0
4020 4300
10 0
370 290
300000 300000
2740 2800
0 0
10 30
10 10
0 0
10 0
0 0
510 570
0 0
20 20
66520 34830
0 0
810 450
0 0
0 0
0 10
1420 470
0 0
40 40
300000 300000
0 0
110 70
0 0
0 0
0 0
0 0
300000 300000
0 0
0 0
0 0
300000 300000
0 0
40 40
94890 28570
0 0
0 0
30 0
0 0
0 0
300000 300000
0 0
10 10
0 0
1090 1120
20 20
0 0
420 280
0 0
0 0
0 0
10 10
290 320
0 0
0 0
0 0
0 0
300000 300000
190 210
0 0
0 0
0 0
10 10
0 0
0 0
610 480
0 0
0 0
1720 1920
0 10
0 10
0 0
450 350
0 0
10 0
300000 300000
300000 300000
0 0
0 0
0 0
0 0
0 0
730 480
0 0
0 0
0 0
0 0
20 20
620 750
0 0
0 0
0 0
0 0
0 0
0 0
10 10
0 0
5100 310
10 10
0 0
0 0
0 0
300000 300000
620 430
0 0
1130 150
20 0
11900 6520
0 0
300000 300000
700 290
0 0
0 0
10 10
0 0
10 0
0 0
0 0
0 0
0 0
2010 1730
460 480
0 0
10 0
300000 300000
0 0
60 30
1620 1460
0 0
760 620
1530 620
0 0
0 0
2110 350
40 40
0 0
0 10
0 10
0 0
0 0
0 10
0 0
0 0
4530 1410
300000 300000
300000 300000
0 0
10 10
30 40
50 40
300000 300000
0 0
0 10
0 0
0 0
110 40
660 410
0 0
0 0
0 0
0 0
0 10
50 20
150 190
10 10
90 90
20 60
0 0
1470 1450
0 0
0 0
6930 11850
0 0
400 310
0 0
520 470
0 0
0 0
0 0
200 60
0 0
0 0
380 380
0 0
13360 4050
0 0
0 0
3300 4220
300000 300000
430 50
0 0
0 10
300000 300000
0 0
0 0
0 0
0 0
20 20
5570 2530
0 0
40 20
400 180
10 20
16940 10220
1030 180
10 0
600 280
0 0
0 0
0 0
0 0
60 80
0 0
10 10
0 0
0 0
0 0
20010 13630
0 0
300000 300000
0 0
0 0
300000 300000
0 0
0 0
300000 300000
0 0
0 0
0 0
300000 203570
0 0
10 0
1780 1450
0 0
0 0
0 0
0 0
20 20
3090 5500
20 0
0 0
10 10
20 20
0 0
0 0
0 10
0 0
0 0
0 0
20 20
20 20
220 140
30 30
0 0
0 0
0 0
110 120
0 0
0 0
0 0
300000 300000
0 0
10 0
1140 820
0 0
10 20
0 0
0 0
1790 1340
0 0
200 210
40 40
0 0
0 0
10 0
7800 3460
20 20
1740 2100
0 0
0 0
210 340
30 40
0 0
0 0
110 120
20 20
0 0
0 0
0 0
1410 1840
0 0
0 0
0 0
0 10
0 0
0 0
0 0
0 0
10 10
0 0
0 0
0 0
0 0
5990 2210
0 0
0 10
0 0
0 0
0 0
10 10
60 50
0 0
0 10
20 20
0 0
0 10
0 0
1300 1330
0 0
130 120
260 100
30 30
0 0
0 0
0 0
300000 300000
0 0
10 10
60 60
200 60
2860 3410
0 0
1030 670
10 30
1650 290
0 0
0 0
0 0
0 0
720 870
10 10
260 200
40 40
52220 16940
0 0
370 340
0 0
490 440
300000 300000
0 0
0 0
0 0
200 250
0 0
0 0
40 30
0 0
300000 300000
0 0
0 0
0 0
100 100
0 0
0 10
500 360
10 0
0 0
300000 300000
0 0
0 10
0 0
160 140
0 0
10 0
120 110
0 0
24670 23540
0 0
300000 300000
10 20
0 10
0 0
10 10
10 20
1890 2220
0 0
10 10
10 10
300000 300000
0 0
20 0
0 0
10 0
0 0
840 770
0 0
20 50
300000 300000
10 0
0 0
680 410
10 20
0 0
0 0
0 10
10 0
0 0
10 10
240 130
210 80
1240 270
0 0
76480 22340
0 0
470 480
0 0
0 0
0 0
830 210
80 50
0 0
2280 280
10 0
1750 1720
480 660
0 0
30 50
0 0
10 20
10 10
0 0
10 0
0 0
0 0
10 0
310 800
0 0
0 0
0 0
210 310
0 0
0 0
0 0
0 0
0 10
0 0
260 290
0 0
40 40
110 150
0 0
0 10
0 0
0 0
0 0
0 0
0 0
140 70
0 0
30 180
30 30
0 0
0 0
0 0
50 30
10 10
10 20
0 0
12530 7090
85010 161220
5530 4370
0 0
0 0
10 0
0 0
20 20
30 10
0 0
0 0
0 0
120 110
0 0
0 0
10 0
0 0
0 10
20 0
0 0
0 10
0 0
10 0
210 230
300000 300000
10 0
0 0
30 40
0 0
40 40
0 0
0 0
430 250
420 470
