0 0
0 10
20 540
220 420
0 70
0 0
660 300000
0 0
0 10
0 0
410 2480
0 0
0 0
290 300
0 0
0 20
30 1410
0 0
10 340
870 300000
235310 300000
0 0
0 40
1620 69810
0 230
20 480
0 10
10 20
300000 300000
0 0
370 300000
0 0
0 0
0 70
0 100
0 0
0 70
0 10
0 0
0 30
0 0
0 0
320 215030
50 30
1510 300000
0 0
300000 300000
160 400
0 0
0 0
0 0
640 300000
300000 300000
630 7780
10 350
2450 300000
0 10
300000 300000
20 700
20 380
0 10
0 0
0 0
10 20
0 0
70 100
0 20
10 320
0 60
80 130
0 0
300000 300000
0 10
50 110
20 20
10 20
0 0
0 0
20 680
0 190
10 520
4370 234130
2350 92530
0 0
10 20
3510 25200
0 10
0 0
0 20
300000 300000
0 0
5090 137770
0 0
0 0
0 20
10 10
300000 300000
10 310
0 100
10 350
0 0
300000 300000
0 0
1140 24520
0 240
11820 300000
0 0
0 20
0 0
0 80
0 0
10 20
390 1000
0 0
0 0
20 490
0 0
10 0
0 0
0 0
0 0
0 0
10 20
10 0
0 0
0 90
300000 300000
0 0
400 300000
10 20
30 1090
0 120
0 0
0 160
0 180
10 150
0 0
30 310
0 40
0 70
510 300000
770 1700
0 10
750 1430
1520 63710
24080 300000
0 10
0 0
0 10
300000 300000
0 50
45570 300000
0 80
10 0
0 0
0 0
0 0
300000 300000
10 480
200 7420
90 300000
70 670
560 7300
250 29530
0 240
0 0
0 0
0 0
0 0
710 3770
0 0
0 10
0 50
20 470
0 0
0 0
0 0
300000 300000
0 20
60 300000
10 70
0 90
0 0
300000 300000
0 0
0 0
10 210
290 300000
0 0
0 40
0 0
0 40
0 0
0 0
0 40
300000 300000
180 300000
320 340
480 300000
10 540
0 0
0 140
0 10
0 0
1080 300000
370 570
300000 300000
10 20
0 0
0 160
840 450
0 0
0 0
10 380
0 0
0 0
0 0
0 0
6570 104960
650 3880
0 30
0 10
4990 300000
0 10
0 20
0 0
0 120
0 0
0 0
2010 300000
300000 300000
150 5980
0 40
0 10
0 40
0 10
950 2650
20 4990
310 1190
30 3540
10 20
0 0
0 0
0 20
0 0
0 0
460 300000
0 10
300000 300000
500 620
0 0
0 20
0 10
0 50
0 40
100 2200
0 0
300000 300000
2530 56580
0 30
40 80
300000 300000
0 0
920 12600
10 380
10 20
480 410
0 10
0 10
0 0
0 0
0 60
0 0
0 0
0 10
50 440
30 4270
10 10
0 0
300000 16730
0 0
0 80
0 0
0 0
0 0
300000 300000
0 0
140 480
0 0
0 0
0 0
10 240
0 0
0 0
0 200
0 10
0 30
0 130
0 0
10 230
0 70
0 0
200 49260
0 0
730 300000
10 330
20 30
20 690
0 0
0 10
10 390
0 30
0 70
20 550
0 0
0 60
10 20
0 10
0 60
0 10
0 0
20 550
0 10
10 290
0 10
0 0
0 0
0 30
0 30
20 490
0 80
0 180
1280 300000
0 0
20 600
0 0
0 50
0 30
90 880
15310 100690
0 0
0 20
0 60
1390 52000
0 0
0 40
4010 300000
10 530
0 60
0 0
390 11720
0 120
0 0
0 20
0 380
0 20
10 70
0 10
320 56180
310 560
10 30
570 300000
0 0
0 0
110 300000
30 700
0 0
0 0
28610 249220
420 300000
380 64760
0 10
0 0
3710 156130
0 20
0 0
0 0
0 0
300000 300000
0 80
0 0
4630 300000
20 390
0 0
0 0
0 0
3680 22640
0 10
120 300000
0 0
0 200
10 70
300000 300000
0 130
70 70
0 0
5350 19670
5710 300000
0 230
2000 30490
0 50
40 19290
0 0
40 100
10 190
10 190
0 0
90 3050
320 840
300000 300000
0 0
10 20
0 0
0 0
560 300000
60 790
195030 300000
0 0
110 5150
0 10
60 20
0 10
0 10
400 152990
0 0
130 300000
0 10
0 0
0 160
30 800
400 400
300000 300000
570 2850
0 0
0 0
0 110
0 90
0 0
0 180
0 0
10 210
0 10
10 0
1600 300000
0 10
860 300000
0 0
300000 300000
0 120
10 540
300000 300000
0 0
40 100
18800 300000
140 300000
0 0
0 40
0 120
0 30
30 1080
0 10
0 0
0 20
0 0
440 910
300000 300000
0 0
0 130
0 0
0 30
0 10
0 180
0 0
0 0
0 30
300 300000
1210 1910
10 40
260 590
0 0
0 0
10 250
300000 300000
0 10
11590 300000
0 20
0 0
4760 300000
220 450
0 0
0 0
0 0
30 30
10 0
110 162010
1780 300000
300000 300000
620 2060
0 20
0 10
10 20
20 20
10 490
0 0
1770 300000
4670 2600
10 20
0 10
30 350
0 0
280 930
300000 300000
0 0
0 140
0 0
10 340
0 0
70 1220
300000 300000
0 110
0 0
0 0
30 1040
0 0
20 490
10 290
0 50
0 0
890 44620
300000 300000
0 60
0 60
10 10
10 260
30 40
0 10
10 310
0 20
300000 300000
870 300000
0 10
22940 300000
0 30
90 2760
0 50
0 0
20 20
680 56480
300000 300000
0 0
0 60
0 40
80 310
0 80
300000 300000
0 60
0 0
0 0
300000 300000
0 0
0 90
0 10
0 0
2380 4580
0 50
10 290
0 30
0 10
0 0
0 30
0 0
300000 300000
0 180
220 300000
300000 300000
90 210
10 10
300000 300000
0 0
0 0
0 0
1770 300000
0 0
0 10
280 300000
0 0
40 1660
0 0
0 0
0 40
340 5800
0 0
0 0
0 30
210 2690
0 200
0 100
0 80
40 1630
0 0
0 0
980 79990
0 200
6940 30630
0 0
0 0
0 10
10 20
0 0
300000 300000
10 250
0 10
10 190
1580 81940
0 0
320 300000
0 110
0 0
0 0
0 20
40 1530
0 0
10 350
240 2520
300000 300000
0 180
0 0
0 0
10 220
820 1160
0 10
0 0
300000 300000
20 20
0 60
0 80
0 0
0 160
1030 300000
100 160
0 0
0 20
0 20
0 0
10 520
420 1060
0 0
0 70
0 0
870 300000
10 0
1840 1070
0 40
0 30
0 0
0 40
0 0
70 170
10 260
0 70
330 3370
0 100
0 30
490 300000
0 0
30 400
110 7830
300000 300000
30 8330
0 50
300000 300000
10 270
0 0
0 10
0 300
0 20
10 520
10 90
170 8540
10 20
0 0
0 10
0 0
30 1080
0 50
20 230
21030 300000
10 150
72140 300000
10 20
0 0
0 90
450 1800
57380 300000
0 130
10 540
20 570
0 0
300000 300000
10 20
0 20
0 0
0 20
430 18180
30 1090
0 10
0 0
0 0
0 20
0 0
0 0
10 360
1640 300000
0 10
0 10
450 480
0 0
0 70
10 210
0 0
0 10
0 0
0 110
10 40
0 30
0 0
0 0
0 60
300000 300000
0 10
10 340
0 0
0 0
0 50
10 260
0 20
10 20
0 0
0 20
0 50
1170 3790
1320 710
930 2100
300000 300000
20 570
0 80
0 0
0 0
0 0
1800 300000
120 4540
0 10
0 0
1030 19750
640 21520
0 240
0 0
300000 300000
0 0
800 300000
300000 300000
0 0
0 10
10 40
0 10
300000 300000
10 10
0 0
0 30
10 680
20 20
0 60
0 0
10 30
129800 300000
0 140
0 10
0 10
0 60
0 10
0 0
0 30
80 56910
0 0
0 20
0 0
0 0
4020 300000
10 130
370 300000
300000 300000
2740 300000
0 30
10 10
10 270
0 0
10 230
0 0
510 980
0 30
20 30
66520 300000
0 10
810 300000
0 0
0 0
0 0
1420 6440
0 180
40 1670
300000 300000
0 0
110 3000
0 210
0 10
0 10
0 10
300000 300000
0 60
0 100
0 10
300000 300000
0 110
40 1620
94890 300000
0 180
0 0
30 60
0 10
0 0
300000 300000
0 10
10 460
0 10
1090 1880
20 830
0 10
420 1410
0 0
0 0
0 0
10 190
290 300000
0 0
0 80
0 0
0 0
300000 300000
190 670
0 0
0 0
0 0
10 340
0 0
0 0
610 1170
0 0
0 0
1720 300000
0 0
0 180
0 0
450 5150
0 80
10 20
300000 300000
300000 300000
0 0
0 0
0 50
0 10
0 10
730 56660
0 0
0 0
0 0
0 220
20 680
620 300000
0 10
0 10
0 0
0 110
0 70
0 0
10 570
0 20
5100 300000
10 390
0 30
0 0
0 20
300000 300000
620 21710
0 80
1130 16660
20 20
11900 300000
0 50
300000 300000
700 52330
0 10
0 0
10 200
0 180
10 130
0 0
0 0
0 0
0 0
2010 300000
460 210
0 0
10 20
300000 300000
0 0
60 200
1620 5720
0 0
760 850
1530 12720
0 200
0 0
2110 7780
40 1620
0 0
0 10
0 0
0 40
0 30
0 0
0 0
0 80
4530 103610
300000 300000
300000 300000
0 0
10 240
30 1640
50 80
300000 300000
0 10
0 0
0 0
0 10
110 287140
660 40350
0 10
0 10
0 10
0 0
0 180
50 310
150 8800
10 10
90 300000
20 30
0 170
1470 1430
0 0
0 90
6930 3750
0 30
400 9590
0 40
520 4930
0 0
0 0
0 0
200 300000
0 0
0 10
380 300000
0 0
13360 194020
0 0
0 60
3300 300000
300000 300000
430 370
0 10
0 220
300000 300000
0 0
0 120
0 0
0 0
20 470
5570 300000
0 40
40 100
400 10190
10 510
16940 300000
1030 94690
10 20
600 300000
0 20
0 10
0 0
0 10
60 80
0 10
10 141530
0 60
0 20
0 0
20010 90900
0 10
300000 300000
0 10
0 0
300000 300000
0 0
0 0
300000 300000
0 80
0 0
0 0
300000 300000
0 0
10 20
1780 300000
0 0
0 0
0 0
0 10
20 540
3090 1720
20 20
0 0
10 0
20 160
0 80
0 10
0 0
0 10
0 10
0 80
20 510
20 70
220 8780
30 1010
0 0
0 20
0 40
110 14550
0 0
0 0
0 20
300000 300000
0 0
10 30
1140 26920
0 0
10 680
0 80
0 20
1790 300000
0 30
200 6630
40 1610
0 10
0 90
10 20
7800 290410
20 470
1740 300000
0 0
0 10
210 105640
30 1050
0 0
0 0
110 550
20 630
0 0
0 0
0 0
1410 1860
0 90
0 0
0 0
0 390
0 0
0 0
0 0
0 0
10 260
0 60
0 20
0 50
0 0
5990 300000
0 200
0 0
0 0
0 90
0 10
10 0
60 230
0 10
0 0
20 340
0 0
0 0
0 10
1300 300000
0 190
130 3270
260 300000
30 1100
0 20
0 0
0 0
300000 300000
0 10
10 10
60 130
200 100
2860 22880
0 0
1030 11850
10 480
1650 6330
0 160
0 0
0 10
0 80
720 102540
10 380
260 300000
40 1510
52220 300000
0 20
370 300000
0 80
490 4910
300000 300000
0 0
0 0
0 0
200 215400
0 80
0 90
40 1600
0 0
300000 300000
0 50
0 20
0 50
100 260
0 0
0 170
500 1310
10 20
0 40
300000 300000
0 30
0 0
0 20
160 330
0 80
10 270
120 310
0 10
24670 300000
0 0
300000 300000
10 390
0 220
0 30
10 210
10 480
1890 300000
0 0
10 210
10 230
300000 300000
0 70
20 20
0 0
10 510
0 0
840 10620
0 0
20 20
300000 300000
10 20
0 80
680 2750
10 510
0 80
0 0
0 200
10 20
0 0
10 270
240 300000
210 300000
1240 5860
0 0
76480 300000
0 20
470 2050
0 0
0 0
0 0
830 300000
80 8510
0 0
2280 43600
10 20
1750 2130
480 300000
0 10
30 30
0 0
10 560
10 350
0 10
10 20
0 0
0 0
10 20
310 40640
0 10
0 10
0 10
210 1620
0 0
0 130
0 0
0 20
0 0
0 0
260 300000
0 0
40 1640
110 1350
0 0
0 310
0 10
0 30
0 0
0 0
0 0
140 870
0 50
30 50
30 1050
0 0
0 80
0 20
50 1260
10 310
10 530
0 0
12530 105630
85010 41510
5530 300000
0 0
0 0
10 20
0 10
20 510
30 180
0 0
0 0
0 70
120 1180
0 0
0 30
10 20
0 110
0 0
20 350
0 0
0 0
0 20
10 170
210 100
300000 300000
10 10
0 10
30 1630
0 50
40 1050
0 0
0 20
430 7670
420 98890
