1 1 1 1 1
2 1 1 1 1
3 1 1 1 1
4 2 2 2 2
5 1 1 1 1
6 3 3 3 3
7 100 100 2 2
8 3 3 3 3
9 1 1 1 1
10 3 3 3 3
11 3 2 2 2
12 1 1 1 1
13 3 3 3 3
14 3 2 2 2
15 3 3 3 3
16 1 1 1 1
17 1 1 1 1
18 3 3 3 3
19 1 1 1 1
20 100 2 2 2
21 100 100 1 1
22 5 5 5 5
23 1 1 1 1
24 2 2 2 2
25 1 1 1 1
26 1 1 1 1
27 1 1 1 1
28 2 2 2 2
29 100 100 100 100
30 3 3 3 3
31 100 100 1 1
32 1 1 1 1
33 3 3 3 3
34 1 1 1 1
35 1 1 1 1
36 3 3 3 3
37 1 1 1 1
38 1 1 1 1
39 1 1 1 1
40 1 1 1 1
41 6 6 6 6
42 3 3 3 3
43 1 1 1 1
44 2 3 2 2
45 100 4 4 4
46 1 1 1 1
47 100 100 100 100
48 2 2 2 2
49 1 1 1 1
50 3 3 3 3
51 4 4 4 4
52 100 2 3 3
53 100 100 100 100
54 2 2 2 2
55 1 1 1 1
56 100 100 3 3
57 1 1 1 1
58 100 100 100 100
59 1 1 1 1
60 2 2 2 2
61 1 1 1 1
62 5 5 5 5
63 1 1 1 1
64 2 2 2 2
65 6 6 6 6
66 2 2 2 2
67 1 1 1 1
68 2 2 2 2
69 1 1 1 1
70 2 2 2 2
71 2 2 2 2
72 100 100 100 100
73 1 1 1 1
74 2 3 3 3
75 8 8 8 8
76 2 2 2 2
77 2 2 2 2
78 1 1 1 1
79 1 1 1 1
80 1 1 1 1
81 1 1 1 1
82 2 2 2 2
83 2 3 2 3
84 3 3 3 3
85 2 2 2 2
86 3 2 2 2
87 1 1 1 1
88 1 1 1 1
89 1 1 1 1
90 100 100 100 100
91 1 1 1 1
92 3 2 2 2
93 1 1 1 1
94 3 3 3 3
95 1 1 1 1
96 5 5 5 5
97 100 100 100 100
98 1 1 1 1
99 1 1 1 1
100 1 1 1 1
101 3 3 3 3
102 100 100 100 100
103 3 3 3 3
104 2 5 2 5
105 1 1 1 1
106 100 100 3 3
107 1 1 1 1
108 1 1 1 1
109 1 1 1 1
110 1 1 1 1
111 3 3 3 3
112 2 2 2 2
113 16 16 17 17
114 1 1 1 1
115 3 3 3 3
116 1 1 1 1
117 1 1 1 1
118 6 6 6 6
119 3 3 3 3
120 3 3 3 3
121 1 1 1 1
122 5 5 5 5
123 2 2 2 2
124 6 6 6 6
125 1 1 1 1
126 1 1 1 1
127 100 100 100 100
128 2 2 2 2
129 100 2 2 2
130 2 2 2 2
131 1 1 1 1
132 1 1 1 1
133 3 3 3 3
134 1 1 1 1
135 1 1 1 1
136 2 2 2 2
137 3 3 3 3
138 2 3 3 3
139 5 2 2 2
140 1 1 1 1
141 100 100 2 2
142 15 15 15 15
143 1 1 1 1
144 2 2 2 2
145 3 4 2 4
146 2 2 2 2
147 1 1 1 1
148 3 3 3 3
149 1 1 1 1
150 100 100 100 100
151 1 1 1 1
152 2 2 3 2
153 1 1 1 1
154 6 6 6 6
155 1 1 1 1
156 1 1 1 1
157 1 1 1 1
158 100 100 100 100
159 1 1 1 1
160 1 1 3 3
161 100 2 2 2
162 2 2 2 2
163 2 2 3 2
164 3 3 3 3
165 1 1 1 1
166 4 4 4 4
167 3 3 3 3
168 3 3 3 3
169 1 1 1 1
170 2 2 2 2
171 1 1 1 1
172 1 1 1 1
173 1 1 1 1
174 1 1 1 1
175 3 3 3 3
176 1 1 1 1
177 3 3 3 3
178 100 100 100 100
179 1 1 1 1
180 100 2 2 2
181 3 2 2 2
182 1 1 1 1
183 1 1 1 1
184 100 100 100 100
185 6 6 6 6
186 1 1 1 1
187 1 1 1 1
188 100 2 2 2
189 4 4 4 4
190 1 1 1 1
191 1 1 1 1
192 1 1 1 1
193 4 4 4 4
194 2 2 2 2
195 1 1 1 1
196 100 100 100 100
197 100 2 3 2
198 3 3 2 2
199 100 100 1 1
200 1 1 1 1
201 2 2 2 2
202 1 1 1 1
203 1 1 1 1
204 1 1 1 1
205 100 100 3 3
206 2 2 2 2
207 100 4 2 4
208 2 2 2 2
209 3 3 3 3
210 2 2 2 2
211 50 50 50 50
212 3 3 3 3
213 1 1 1 1
214 1 1 1 1
215 6 6 6 6
216 3 3 3 3
217 3 3 3 3
218 3 3 3 3
219 2 2 3 2
220 2 2 2 2
221 1 1 1 1
222 1 1 1 1
223 100 100 3 100
224 1 1 1 1
225 1 1 1 1
226 4 4 4 4
227 1 1 1 1
228 3 3 3 3
229 4 4 4 4
230 100 100 2 2
231 100 100 100 100
232 2 2 2 2
233 1 1 1 1
234 1 1 1 1
235 1 1 1 1
236 1 1 1 1
237 1 1 1 1
238 4 4 4 4
239 3 3 3 3
240 3 2 2 2
241 2 2 2 2
242 3 3 3 3
243 1 1 1 1
244 1 1 1 1
245 3 3 3 3
246 2 2 2 2
247 100 2 2 2
248 1 1 1 1
249 100 100 100 100
250 2 2 2 2
251 1 1 1 1
252 1 1 1 1
253 1 1 1 1
254 1 1 1 1
255 1 1 1 1
256 3 3 2 3
257 1 1 1 1
258 100 100 100 100
259 2 2 2 2
260 1 1 1 1
261 3 3 1 1
262 100 100 100 100
263 3 3 3 3
264 2 3 2 2
265 1 1 1 1
266 2 2 2 2
267 2 2 2 2
268 1 1 1 1
269 1 1 1 1
270 3 3 3 3
271 1 1 1 1
272 1 1 1 1
273 1 1 1 1
274 3 3 3 3
275 1 1 1 1
276 3 4 3 3
277 2 2 2 2
278 2 2 2 2
279 3 3 3 3
280 2 2 100 2
281 2 2 2 2
282 1 1 1 1
283 1 1 1 1
284 1 1 1 1
285 5 5 5 5
286 100 100 100 100
287 3 3 3 3
288 2 2 5 5
289 3 3 3 3
290 1 1 1 1
291 3 3 3 3
292 1 1 1 1
293 4 4 4 4
294 2 2 2 2
295 1 1 1 1
296 1 1 1 1
297 1 1 1 1
298 1 1 1 1
299 6 6 6 6
300 1 1 1 1
301 1 1 1 1
302 10 10 10 10
303 2 2 2 2
304 4 4 4 4
305 100 4 4 4
306 1 1 1 1
307 8 8 8 8
308 1 1 1 1
309 6 6 6 6
310 2 2 2 2
311 1 1 1 1
312 1 1 1 1
313 1 1 1 1
314 1 1 1 1
315 3 3 3 3
316 1 1 1 1
317 2 2 2 2
318 1 1 1 1
319 1 1 1 1
320 1 1 1 1
321 3 3 3 3
322 1 1 1 1
323 1 1 1 1
324 1 1 1 1
325 1 1 1 1
326 3 3 3 3
327 6 6 6 6
328 1 1 1 1
329 1 1 1 1
330 3 1 1 1
331 1 1 1 1
332 1 1 1 1
333 100 4 5 5
334 3 3 3 3
335 1 1 1 1
336 1 1 1 1
337 1 1 1 1
338 1 1 1 1
339 2 3 3 3
340 3 100 4 4
341 6 6 6 6
342 1 1 1 1
343 1 1 1 1
344 2 2 2 2
345 3 3 3 3
346 1 1 1 1
347 100 100 3 3
348 1 1 1 1
349 1 1 1 1
350 3 3 3 3
351 3 4 4 4
352 1 1 1 1
353 1 1 1 1
354 1 1 1 1
355 1 1 1 1
356 2 2 2 2
357 2 2 2 2
358 1 1 1 1
359 1 3 3 3
360 3 3 2 2
361 2 2 2 2
362 100 100 2 2
363 2 2 2 2
364 3 3 3 3
365 100 2 2 2
366 1 1 1 1
367 3 3 3 3
368 2 2 2 2
369 2 3 3 3
370 100 2 3 2
371 3 3 3 3
372 1 1 1 1
373 1 1 1 1
374 3 2 2 2
375 1 1 1 1
376 1 1 1 1
377 3 3 3 3
378 3 3 3 3
379 100 100 100 100
380 1 1 1 1
381 3 3 3 3
382 100 100 3 3
383 1 1 1 1
384 4 4 4 4
385 1 1 1 1
386 4 4 4 4
387 2 2 2 2
388 1 1 1 1
389 100 100 4 4
390 3 3 3 3
391 1 1 1 1
392 3 3 1 1
393 100 100 100 100
394 1 1 1 1
395 2 2 2 2
396 2 2 2 2
397 2 2 2 2
398 100 100 1 1
399 1 1 1 1
400 4 2 3 3
401 1 1 1 1
402 2 2 2 2
403 3 3 3 3
404 2 3 3 3
405 1 1 1 1
406 1 1 1 1
407 3 3 3 3
408 3 2 2 2
409 2 2 3 2
410 100 100 100 100
411 6 6 6 6
412 2 2 2 2
413 1 1 1 1
414 3 3 3 3
415 100 100 1 1
416 3 3 4 4
417 4 3 2 2
418 3 3 3 3
419 2 2 1 1
420 1 1 1 1
421 20 20 20 20
422 1 1 1 1
423 1 1 1 1
424 1 1 1 1
425 6 6 6 6
426 100 3 3 3
427 1 1 1 1
428 1 1 1 1
429 1 1 1 1
430 1 1 1 1
431 2 3 2 2
432 100 100 100 100
433 2 4 4 4
434 1 1 1 1
435 1 1 1 1
436 1 1 1 1
437 1 1 1 1
438 1 1 1 1
439 1 1 1 1
440 1 1 1 1
441 1 1 1 1
442 1 1 1 1
443 6 6 6 6
444 100 100 3 3
445 1 1 1 1
446 100 100 1 1
447 1 1 1 1
448 100 100 100 100
449 1 1 1 1
450 1 1 1 1
451 100 100 100 100
452 1 1 1 1
453 3 2 2 2
454 3 2 2 2
455 100 2 2 2
456 1 1 1 1
457 1 1 1 1
458 1 1 1 1
459 1 1 1 1
460 1 1 1 1
461 1 1 1 1
462 4 4 4 4
463 1 1 1 1
464 1 1 1 1
465 16 16 16 16
466 100 100 100 100
467 1 1 1 1
468 1 1 1 1
469 5 5 5 5
470 1 1 1 1
471 1 1 1 1
472 1 1 1 1
473 2 3 2 2
474 1 1 1 1
475 1 1 1 1
476 100 2 2 2
477 2 2 2 2
478 2 2 2 2
479 2 3 2 2
480 3 3 3 3
481 3 3 3 3
482 1 1 1 1
483 100 100 100 100
484 1 1 1 1
485 2 2 2 2
486 2 2 2 2
487 1 1 1 1
488 100 2 2 2
489 2 2 5 5
490 1 1 1 1
491 1 1 1 1
492 3 3 3 3
493 8 8 8 8
494 2 2 2 2
495 2 2 2 2
496 100 2 2 2
497 100 100 100 100
498 17 17 16 17
499 2 2 2 2
500 1 1 1 1
501 2 2 2 2
502 8 8 8 8
503 1 1 1 1
504 4 4 4 4
505 100 100 1 1
506 90 90 90 90
507 2 2 2 2
508 1 1 1 1
509 2 2 2 2
510 3 3 3 3
511 2 2 2 2
512 100 100 100 100
513 3 3 3 3
514 1 1 1 1
515 3 3 3 3
516 1 1 1 1
517 4 4 4 4
518 2 2 2 2
519 100 100 100 100
520 1 1 1 1
521 1 1 1 1
522 3 3 3 3
523 1 1 1 1
524 1 1 1 1
525 1 1 1 1
526 1 1 1 1
527 1 1 1 1
528 1 1 1 1
529 2 2 2 2
530 100 100 100 100
531 1 1 1 1
532 3 2 2 2
533 2 2 2 2
534 1 1 1 1
535 1 1 1 1
536 1 1 1 1
537 1 1 1 1
538 1 1 1 1
539 100 100 100 100
540 100 100 3 3
541 1 1 1 1
542 100 3 3 3
543 1 1 1 1
544 1 1 1 1
545 5 2 2 2
546 1 1 1 1
547 2 2 2 2
548 3 2 3 3
549 100 100 100 100
550 2 2 2 2
551 1 1 1 1
552 1 1 1 1
553 2 2 2 2
554 1 1 1 1
555 100 100 100 100
556 1 1 1 1
557 4 4 4 4
558 4 4 4 4
559 100 100 100 100
560 2 2 2 2
561 1 1 1 1
562 1 1 1 1
563 1 1 1 1
564 2 2 2 2
565 1 1 1 1
566 1 1 1 1
567 1 1 1 1
568 1 1 1 1
569 3 3 3 3
570 1 1 1 1
571 3 3 3 3
572 100 100 100 100
573 1 1 1 1
574 100 2 2 2
575 100 100 100 100
576 1 1 1 1
577 5 5 5 5
578 100 300 100 100
579 1 1 1 1
580 3 3 3 3
581 1 1 1 1
582 100 1 1 1
583 3 3 3 3
584 1 1 1 1
585 100 3 3 3
586 1 1 1 1
587 1 1 1 1
588 1 1 1 1
589 6 6 6 6
590 1 1 1 1
591 2 2 2 2
592 3 3 3 3
593 4 4 4 4
594 1 1 1 1
595 3 3 3 3
596 1 1 1 1
597 1 1 1 1
598 1 1 1 1
599 1 1 1 1
600 1 1 1 1
601 4 4 4 4
602 3 4 2 4
603 1 1 1 1
604 2 2 2 2
605 1 1 1 1
606 1 1 1 1
607 1 1 1 1
608 2 2 2 2
609 1 1 1 1
610 100 100 100 100
611 1 1 1 1
612 1 1 1 1
613 1 1 1 1
614 4 100 2 2
615 1 1 1 1
616 100 100 4 4
617 1 1 1 1
618 3 3 3 3
619 2 2 2 2
620 1 1 1 1
621 1 1 1 1
622 1 1 1 1
623 1 1 1 1
624 2 2 2 2
625 100 100 100 100
626 2 2 2 2
627 4 4 4 4
628 3 3 3 3
629 1 1 1 1
630 18 18 16 16
631 1 1 1 1
632 1 1 1 1
633 100 100 100 100
634 2 2 2 2
635 1 1 1 1
636 1 1 1 1
637 1 1 1 1
638 1 1 1 1
639 100 100 1 1
640 2 2 2 2
641 1 1 1 1
642 1 1 1 1
643 1 1 1 1
644 1 1 1 1
645 1 1 1 1
646 16 16 16 16
647 4 4 4 4
648 1 1 1 1
649 2 2 2 2
650 100 100 1 1
651 4 4 4 4
652 70 70 70 70
653 1 1 1 1
654 1 1 1 1
655 1 1 1 1
656 1 1 1 1
657 2 2 2 2
658 2 2 3 3
659 2 2 2 2
660 1 1 1 1
661 2 3 2 2
662 1 1 1 1
663 1 1 1 1
664 100 100 3 3
665 3 3 3 3
666 2 2 2 2
667 2 2 2 2
668 100 100 100 100
669 5 2 2 2
670 1 1 1 1
671 100 100 100 100
672 1 1 1 1
673 1 1 1 1
674 1 1 1 1
675 1 1 1 1
676 1 1 1 1
677 1 1 1 1
678 2 2 2 2
679 2 2 2 2
680 2 2 2 2
681 1 1 1 1
682 1 1 1 1
683 4 4 4 4
684 1 1 1 1
685 1 1 1 1
686 2 2 2 2
687 2 2 2 2
688 1 1 1 1
689 2 2 2 2
690 2 2 2 2
691 5 5 5 5
692 1 1 1 1
693 2 3 2 2
694 2 2 3 2
695 1 1 1 1
696 1 1 1 1
697 1 1 1 1
698 1 1 1 1
699 100 100 100 100
700 2 2 2 2
701 2 2 2 2
702 7 7 7 7
703 1 1 1 1
704 2 2 2 2
705 1 1 1 1
706 1 1 1 1
707 1 1 1 1
708 3 3 3 3
709 1 1 1 1
710 1 1 1 1
711 1 1 1 1
712 1 1 1 1
713 100 100 1 1
714 1 1 1 1
715 3 2 2 2
716 2 2 2 2
717 3 3 3 3
718 1 1 1 1
719 1 1 1 1
720 1 1 1 1
721 1 1 1 1
722 2 2 2 2
723 1 1 1 1
724 1 1 1 1
725 1 1 1 1
726 3 3 3 3
727 3 3 3 3
728 1 1 1 1
729 100 100 100 100
730 1 1 1 1
731 1 1 1 1
732 2 2 2 2
733 3 3 3 3
734 1 1 1 1
735 1 1 1 1
736 1 1 1 1
737 2 2 2 2
738 1 1 1 1
739 1 1 1 1
740 3 2 2 2
741 2 2 2 2
742 60 60 60 60
743 3 2 2 2
744 100 100 100 100
745 1 1 1 1
746 1 1 1 1
747 3 3 3 3
748 1 1 1 1
749 3 3 3 3
750 100 100 1 1
751 2 2 1 1
752 1 1 1 1
753 2 2 2 2
754 3 3 3 3
755 2 2 2 2
756 1 1 1 1
757 3 3 3 3
758 100 100 100 100
759 2 2 2 2
760 100 100 1 1
761 100 100 100 100
762 1 1 1 1
763 1 1 1 1
764 2 2 2 2
765 1 1 1 1
766 100 100 100 100
767 3 3 3 3
768 4 4 4 4
769 1 1 1 1
770 1 1 1 1
771 8 8 8 8
772 1 1 1 1
773 1 1 1 1
774 2 2 2 2
775 2 2 3 2
776 1 1 1 1
777 1 1 1 1
778 2 2 2 2
779 1 1 1 1
780 1 1 1 1
781 6 6 6 6
782 1 1 1 1
783 2 2 2 2
784 1 1 1 1
785 1 1 1 1
786 3 3 3 3
787 7 7 7 7
788 100 100 3 3
789 1 1 1 1
790 100 100 2 2
791 100 100 100 100
792 100 100 1 1
793 1 1 1 1
794 6 6 6 6
795 1 1 1 1
796 3 3 3 3
797 1 1 1 1
798 1 1 1 1
799 15 15 14 14
800 1 1 1 1
801 2 2 3 3
802 2 3 2 3
803 1 1 1 1
804 100 2 2 2
805 3 3 3 3
806 2 2 2 2
807 6 6 6 6
808 2 4 2 4
809 1 1 1 1
810 1 1 1 1
811 100 100 100 100
812 1 1 1 1
813 2 2 2 2
814 1 1 1 1
815 1 1 1 1
816 1 1 1 1
817 1 1 1 1
818 100 100 100 100
819 1 1 1 1
820 1 1 1 1
821 1 1 1 1
822 100 100 100 100
823 1 1 1 1
824 1 1 1 1
825 2 2 2 2
826 1 1 1 1
827 1 1 1 1
828 2 2 2 2
829 1 1 1 1
830 4 4 4 4
831 100 100 100 100
832 1 1 1 1
833 1 1 1 1
834 1 1 1 1
835 2 2 2 2
836 1 1 1 1
837 1 1 1 1
838 2 2 2 2
839 1 1 1 1
840 2 2 2 2
841 3 3 3 3
842 1 1 1 1
843 100 100 1 1
844 1 1 1 1
845 1 1 1 1
846 1 1 1 1
847 1 1 1 1
848 100 100 100 100
849 3 1 1 1
850 1 1 1 1
851 2 2 2 2
852 1 1 1 1
853 1 1 1 1
854 4 4 4 4
855 4 4 4 4
856 2 2 3 3
857 3 3 3 3
858 1 1 1 1
859 100 100 3 3
860 4 4 4 4
861 1 1 1 1
862 1 1 1 1
863 1 1 1 1
864 1 1 1 1
865 2 2 2 2
866 100 100 100 100
867 100 100 100 100
868 2 2 2 2
869 5 5 5 5
870 1 1 1 1
871 1 1 1 1
872 1 1 1 1
873 3 3 3 3
874 1 1 1 1
875 3 3 3 3
876 3 3 3 3
877 1 1 1 1
878 1 1 1 1
879 100 100 1 1
880 1 1 1 1
881 2 2 2 2
882 3 3 3 3
883 2 2 2 2
884 1 1 1 1
885 1 1 1 1
886 1 1 1 1
887 1 1 1 1
888 100 2 2 2
889 1 1 1 1
890 1 1 1 1
891 2 2 2 2
892 1 1 1 1
893 100 100 100 100
894 2 5 2 5
895 1 1 1 1
896 2 2 2 2
897 2 2 2 2
898 2 2 2 2
899 2 2 2 2
900 100 100 100 100
901 2 2 2 2
902 1 1 1 1
903 1 1 1 1
904 1 1 1 1
905 1 1 1 1
906 1 1 1 1
907 1 1 1 1
908 1 1 1 1
909 3 3 3 3
910 3 3 3 3
911 100 100 3 3
912 40 40 40 40
913 3 3 3 3
914 2 2 2 2
915 100 100 100 100
916 1 1 1 1
917 2 2 2 2
918 2 2 2 2
919 8 8 8 8
920 16 16 15 15
921 2 2 2 2
922 1 1 1 1
923 1 1 1 1
924 2 2 2 2
925 1 1 1 1
926 1 1 1 1
927 2 2 2 2
928 3 3 3 3
929 1 1 1 1
930 1 1 1 1
931 4 4 4 4
932 1 1 1 1
933 1 1 1 1
934 2 2 3 2
935 100 100 100 100
936 100 100 100 100
937 2 2 2 2
938 1 1 1 1
939 1 1 1 1
940 2 2 2 2
941 100 100 100 100
942 1 1 1 1
943 6 6 6 6
944 3 3 3 3
945 1 1 1 1
946 2 2 2 2
947 2 2 2 2
948 1 1 1 1
949 1 1 1 1
950 1 1 1 1
951 3 3 3 3
952 1 1 1 1
953 2 2 2 2
954 1 1 1 1
955 5 5 5 5
956 100 100 2 2
957 8 8 8 8
958 1 1 1 1
959 2 3 2 2
960 1 1 1 1
961 1 1 1 1
962 100 100 100 100
963 1 1 1 1
964 3 4 4 4
965 1 1 1 1
966 2 2 3 3
967 1 1 1 1
968 1 1 1 1
969 2 2 2 2
970 100 2 2 2
971 3 3 3 3
972 1 1 1 1
973 100 1 1 1
974 3 3 3 3
975 2 2 3 2
976 3 3 3 3
977 2 2 2 2
978 100 100 3 3
979 100 100 100 100
980 2 2 2 2
981 1 1 1 1
982 1 1 1 1
983 100 100 100 100
984 1 1 1 1
985 1 1 1 1
986 1 1 1 1
987 1 1 1 1
988 1 1 1 1
989 100 2 2 2
990 1 1 1 1
991 3 3 2 2
992 2 2 2 2
993 1 1 1 1
994 2 2 2 2
995 2 2 2 2
996 2 2 2 2
997 100 2 2 2
998 1 1 1 1
999 1 1 1 1
1000 4 4 4 4
1001 1 1 1 1
1002 2 2 2 2
1003 1 1 1 1
1004 5 2 2 2
1005 1 1 1 1
1006 1 1 1 1
1007 2 2 2 2
1008 3 2 2 2
1009 1 1 1 1
1010 100 100 100 100
1011 1 1 1 1
1012 2 2 2 2
1013 100 100 100 100
1014 1 1 1 1
1015 1 1 1 1
1016 100 100 100 100
1017 1 1 1 1
1018 3 2 2 2
1019 4 4 4 4
1020 100 100 100 2
1021 3 3 3 3
1022 2 2 2 2
1023 100 100 3 3
1024 2 2 2 2
1025 3 3 3 3
1026 3 3 3 3
1027 1 1 1 1
1028 1 1 1 1
1029 80 80 80 80
1030 2 2 2 2
1031 3 3 3 3
1032 6 6 6 6
1033 3 2 2 2
1034 1 1 1 1
1035 1 1 1 1
1036 6 6 6 6
1037 1 1 1 1
1038 1 1 1 1
1039 1 1 1 1
1040 1 1 1 1
1041 2 2 2 2
1042 2 2 2 2
1043 1 1 1 1
1044 1 1 1 1
1045 1 1 1 1
1046 1 1 1 1
1047 1 1 1 1
1048 1 1 1 1
1049 3 3 3 3
1050 3 2 2 2
1051 100 100 100 100
1052 1 1 1 1
1053 2 2 2 2
1054 2 2 2 2
1055 4 4 4 4
1056 1 1 1 1
1057 1 1 1 1
1058 1 1 1 1
1059 100 100 3 3
1060 1 1 1 1
1061 2 3 2 2
1062 1 1 1 1
1063 1 1 1 1
1064 1 1 1 1
1065 2 2 2 2
1066 3 2 2 2
1067 1 1 1 1
1068 100 100 1 1
1069 2 2 2 2
1070 1 1 1 1
1071 3 3 3 3
1072 1 1 1 1
1073 1 1 1 1
1074 1 1 1 1
1075 3 4 3 3
1076 1 1 1 1
1077 1 1 1 1
1078 1 1 1 1
1079 1 1 1 1
1080 2 2 2 2
1081 1 1 1 1
1082 1 1 1 1
1083 3 3 3 3
1084 1 1 1 1
1085 3 3 3 3
1086 4 4 4 4
1087 3 3 3 3
1088 1 1 1 1
1089 1 1 1 1
1090 1 1 1 1
1091 1 1 1 1
1092 1 1 1 1
1093 1 1 1 1
1094 100 2 2 2
1095 1 1 1 1
1096 4 4 4 4
1097 1 1 1 1
1098 1 1 1 1
1099 1 1 1 1
1100 4 4 4 4
1101 3 3 2 2
1102 2 3 3 3
1103 6 6 6 6
1104 1 1 1 1
1105 3 3 3 3
1106 6 6 6 6
1107 1 1 1 1
1108 100 2 3 3
1109 1 1 1 1
1110 1 1 1 1
1111 100 2 2 2
1112 1 1 1 1
1113 1 1 1 1
1114 1 1 1 1
1115 3 3 3 3
1116 100 100 100 100
1117 1 1 1 1
1118 3 3 3 3
1119 2 2 2 2
1120 2 2 2 2
1121 2 3 3 3
1122 9 9 9 9
1123 2 2 2 2
1124 1 1 1 1
1125 2 2 2 2
1126 1 1 1 1
1127 1 1 1 1
1128 1 1 1 1
1129 1 1 1 1
1130 1 1 3 3
1131 1 1 1 1
1132 100 100 2 2
1133 1 1 1 1
1134 2 2 3 2
1135 1 1 1 1
1136 100 100 2 2
1137 1 1 1 1
1138 4 3 2 2
1139 100 100 100 100
1140 1 1 1 1
1141 5 5 5 5
1142 2 2 2 2
1143 1 1 1 1
1144 2 2 2 2
1145 1 1 1 1
1146 1 1 1 1
1147 1 1 1 1
1148 100 100 100 100
1149 1 1 1 1
1150 1 1 1 1
1151 1 1 1 1
1152 2 2 2 2
1153 1 1 1 1
1154 1 1 1 1
1155 13 13 15 13
1156 2 2 2 2
1157 1 1 1 1
1158 100 100 100 100
1159 1 1 1 1
1160 6 6 6 6
1161 1 1 1 1
1162 2 2 2 2
1163 1 1 1 1
1164 1 1 1 1
1165 3 4 4 4
1166 1 1 1 1
1167 100 100 3 3
1168 1 1 1 1
1169 100 100 100 100
1170 1 1 1 1
1171 1 1 1 1
1172 1 1 1 1
1173 1 1 1 1
1174 1 1 1 1
1175 100 100 1 1
1176 1 1 1 1
1177 1 1 1 1
1178 1 1 1 1
1179 100 100 100 100
1180 1 1 1 1
1181 2 2 2 2
1182 1 1 1 1
1183 2 2 2 2
1184 1 1 1 1
1185 4 2 3 3
1186 3 3 3 3
1187 8 8 8 8
1188 100 100 100 100
1189 2 2 2 2
1190 1 1 1 1
1191 3 3 3 3
1192 1 1 1 1
1193 1 1 1 1
1194 3 3 3 3
1195 1 1 1 1
1196 2 2 2 2
1197 1 1 1 1
1198 1 1 1 1
1199 100 2 2 2
1200 100 2 2 2
1201 2 2 2 2
1202 1 1 1 1
1203 2 2 3 2
1204 1 1 1 1
1205 15 15 14 15
1206 1 1 1 1
1207 7 7 7 7
1208 1 1 1 1
1209 100 2 2 2
1210 3 2 2 2
1211 6 6 6 6
1212 2 2 2 2
1213 2 2 2 2
1214 2 2 2 2
1215 100 100 1 1
1216 1 1 1 1
1217 8 8 8 8
1218 3 3 3 3
1219 1 1 1 1
1220 1 1 1 1
1221 1 1 1 1
1222 2 2 2 2
1223 2 2 2 2
1224 3 3 3 3
1225 2 2 2 2
1226 3 100 3 3
1227 1 1 1 1
1228 1 1 1 1
1229 1 1 1 1
1230 2 3 2 2
1231 3 3 3 3
1232 1 1 1 1
1233 1 1 1 1
1234 1 1 1 1
1235 6 6 6 6
1236 3 3 3 3
1237 100 1 3 3
1238 5 5 5 5
1239 3 3 4 4
1240 3 4 4 4
1241 1 1 1 1
1242 1 1 1 1
1243 1 1 1 1
1244 1 1 1 1
1245 3 3 3 3
1246 6 6 6 6
1247 1 1 1 1
1248 2 2 3 3
1249 1 1 1 1
1250 2 2 2 2
1251 1 1 1 1
1252 3 3 3 3
1253 1 1 1 1
1254 1 1 1 1
1255 2 2 2 2
1256 1 1 1 1
1257 1 1 1 1
1258 6 6 6 6
1259 2 3 2 3
1260 200 200 200 200
1261 100 2 2 2
1262 1 1 1 1
1263 1 1 1 1
1264 2 2 2 2
1265 1 1 1 1
1266 1 1 1 1
1267 2 2 2 2
1268 1 1 1 1
1269 1 1 1 1
1270 1 1 1 1
1271 1 1 1 1
1272 2 3 2 2
1273 1 1 1 1
1274 2 2 2 2
1275 1 1 1 1
1276 6 6 6 6
1277 2 2 2 2
1278 3 3 3 3
1279 4 4 4 4
1280 1 1 1 1
1281 1 1 1 1
1282 30 30 30 30
1283 100 100 100 100
1284 2 2 2 2
1285 1 1 1 1
1286 1 1 1 1
1287 1 1 1 1
1288 1 1 1 1
1289 2 2 2 2
1290 1 1 1 1
1291 2 3 2 2
1292 2 2 2 2
